l,m,alm
0,0,(-0.290533336725257+0j)
1,-1,(0.17728532301336286-0.2675270526008288j)
1,0,(-0.6043397457557094+0j)
1,1,(-0.17728532301336286-0.2675270526008288j)
2,-2,(-0.13144745291003007-0.1347783186979447j)
2,-1,(0.044786369241463564-0.07135180261114038j)
2,0,(0.196672965750114+0j)
2,1,(-0.044786369241463564-0.07135180261114038j)
2,2,(-0.1314474529100301+0.1347783186979447j)
3,-3,(-0.029871845378018652+0.10831942824370493j)
3,-2,(-0.07176089060805699-0.26041862381319014j)
3,-1,(-0.03366266722213543+0.04054138014609055j)
3,0,(-1.095345243999521+0j)
3,1,(0.03366266722213543+0.04054138014609056j)
3,2,(-0.071760890608057+0.26041862381319014j)
3,3,(0.029871845378018683+0.10831942824370497j)
4,-4,(-0.27316916177054734-0.41862668431145533j)
4,-3,(0.021562265380712268+0.19980243943345272j)
4,-2,(0.04154557875337214-0.09322190809885722j)
4,-1,(-0.10563916494982989+0.18412245070781436j)
4,0,(0.39508612518308794+0j)
4,1,(0.10563916494982986+0.18412245070781433j)
4,2,(0.04154557875337213+0.09322190809885723j)
4,3,(-0.021562265380712268+0.19980243943345272j)
4,4,(-0.27316916177054734+0.41862668431145533j)
5,-5,(-0.6549452194494848-0.45324466610947756j)
5,-4,(0.322805122632398+0.017502425857932713j)
5,-3,(-0.2987786864898139-0.005050589335913692j)
5,-2,(0.05084710584462447+0.3209465968280761j)
5,-1,(-0.10701515305322702-0.26051448564878726j)
5,0,(-0.805871865499393+0j)
5,1,(0.10701515305322705-0.26051448564878726j)
5,2,(0.05084710584462448-0.3209465968280761j)
5,3,(0.2987786864898139-0.005050589335913692j)
5,4,(0.3228051226323981-0.017502425857932734j)
5,5,(0.6549452194494848-0.45324466610947745j)
6,-6,(-0.12952366696363166+0.19463940210019035j)
6,-5,(0.3036033660517616+0.13320576092462216j)
6,-4,(-0.30818491871482523+0.26917759813698783j)
6,-3,(0.16173762876372016+0.028596832105675974j)
6,-2,(-0.03073386592618427-0.020852573217291042j)
6,-1,(-0.05408655616544071-0.0009223025967534318j)
6,0,(-0.12422173207376365+0j)
6,1,(0.05408655616544071-0.00092230259675345j)
6,2,(-0.03073386592618428+0.020852573217291025j)
6,3,(-0.16173762876372022+0.02859683210567598j)
6,4,(-0.30818491871482523-0.26917759813698783j)
6,5,(-0.3036033660517616+0.13320576092462216j)
6,6,(-0.12952366696363163-0.19463940210019035j)
7,-7,(0.6033289482130284+0.14452368839137578j)
7,-6,(-0.19028121997391348-0.16791830502460367j)
7,-5,(0.20971848568938767+0.17492292914748145j)
7,-4,(-0.15689311496521902-0.1468668610476147j)
7,-3,(0.16498171900044498-0.03480500383380923j)
7,-2,(-0.13877626646169067-0.11501307815987291j)
7,-1,(-0.012135800490411035+0.2819315813076094j)
7,0,(-0.7603598791148626+0j)
7,1,(0.012135800490411035+0.2819315813076094j)
7,2,(-0.1387762664616907+0.11501307815987288j)
7,3,(-0.16498171900044498-0.03480500383380921j)
7,4,(-0.15689311496521907+0.14686686104761468j)
7,5,(-0.20971848568938772+0.17492292914748145j)
7,6,(-0.19028121997391342+0.16791830502460367j)
7,7,(-0.6033289482130284+0.14452368839137578j)
8,-8,(0.29860736328285914-0.36942865519373014j)
8,-7,(-0.4256682612957688+0.02617495984355731j)
8,-6,(0.20115495112422757+0.1313612923602563j)
8,-5,(-0.30134603691882256+0.03689256595907848j)
8,-4,(0.23016384341336424-0.024639767365120933j)
8,-3,(-0.11320451258933986-0.1415896544152359j)
8,-2,(0.1614414692215674+0.19154967636642206j)
8,-1,(-0.012443346271654191-0.08875335986796952j)
8,0,(-0.1430449139629937+0j)
8,1,(0.012443346271654181-0.08875335986796953j)
8,2,(0.1614414692215674-0.19154967636642206j)
8,3,(0.11320451258933986-0.1415896544152359j)
8,4,(0.23016384341336424+0.02463976736512093j)
8,5,(0.30134603691882267+0.03689256595907848j)
8,6,(0.20115495112422757-0.1313612923602563j)
8,7,(0.4256682612957688+0.02617495984355732j)
8,8,(0.2986073632828591+0.36942865519373014j)
9,-9,(-0.1455797690297463+0.24433265635540757j)
9,-8,(-0.06082416266226487+0.028770009177928928j)
9,-7,(0.19191797973017646+0.038042717829145326j)
9,-6,(-0.09467436002778826+0.15093336483067607j)
9,-5,(0.12303698625803251+0.07450921922014757j)
9,-4,(-0.09559332803460872-0.018778944500036143j)
9,-3,(-0.20814800507026973-0.12688330625151195j)
9,-2,(0.08755336805761883+0.20884164614952944j)
9,-1,(0.05244919217231931-0.26811083167004796j)
9,0,(-0.4411674799128012+0j)
9,1,(-0.05244919217231931-0.26811083167004796j)
9,2,(0.08755336805761883-0.2088416461495295j)
9,3,(0.20814800507026973-0.12688330625151195j)
9,4,(-0.09559332803460874+0.018778944500036185j)
9,5,(-0.12303698625803251+0.07450921922014755j)
9,6,(-0.0946743600277883-0.15093336483067615j)
9,7,(-0.19191797973017646+0.03804271782914531j)
9,8,(-0.06082416266226483-0.02877000917792895j)
9,9,(0.1455797690297463+0.24433265635540757j)
10,-10,(-0.1709405810806155+0.32564396830088943j)
10,-9,(0.41383583341624447-0.2920711939793762j)
10,-8,(0.06703234964004764-0.08703039652407414j)
10,-7,(0.4786813343546818-0.06284587186122399j)
10,-6,(-0.058946507038257524-0.05049648267064137j)
10,-5,(0.2935533186982772+0.11801507619006844j)
10,-4,(-0.4129774854871331-0.15551138934486497j)
10,-3,(0.1759017047643193+0.13288438777248848j)
10,-2,(-0.12945383749923067-0.15639334907898436j)
10,-1,(0.11137577525767574+0.15957859609373318j)
10,0,(-0.07714668614444561+0j)
10,1,(-0.11137577525767572+0.15957859609373318j)
10,2,(-0.12945383749923067+0.1563933490789844j)
10,3,(-0.1759017047643193+0.13288438777248854j)
10,4,(-0.41297748548713314+0.15551138934486497j)
10,5,(-0.2935533186982772+0.11801507619006846j)
10,6,(-0.05894650703825756+0.05049648267064139j)
10,7,(-0.4786813343546819-0.06284587186122399j)
10,8,(0.06703234964004764+0.08703039652407416j)
10,9,(-0.41383583341624447-0.2920711939793762j)
10,10,(-0.17094058108061544-0.32564396830088943j)
11,-11,(-0.20192104598521635-0.2614419760377555j)
11,-10,(0.3237666388998937-0.23791340583653908j)
11,-9,(-0.03750815282119018+0.17208361253629595j)
11,-8,(0.05233772999017943-0.08367736033960699j)
11,-7,(-0.2566062559712956-0.07858264070311585j)
11,-6,(-0.01382408181446911-0.03215531433264141j)
11,-5,(-0.13496111611774878-0.026978963445582402j)
11,-4,(0.08415028789526012-0.029536061726483657j)
11,-3,(-0.1163891662903967+0.07186732276804532j)
11,-2,(0.09742862550401504+0.004931965757623738j)
11,-1,(-0.06304137824600128+0.1491999500878302j)
11,0,(-0.3098874451888255+0j)
11,1,(0.06304137824600128+0.14919995008783024j)
11,2,(0.097428625504015-0.004931965757623738j)
11,3,(0.11638916629039674+0.07186732276804532j)
11,4,(0.08415028789526013+0.029536061726483636j)
11,5,(0.13496111611774878-0.026978963445582413j)
11,6,(-0.013824081814469131+0.03215531433264142j)
11,7,(0.2566062559712955-0.07858264070311581j)
11,8,(0.05233772999017945+0.08367736033960702j)
11,9,(0.03750815282119018+0.17208361253629598j)
11,10,(0.3237666388998937+0.23791340583653908j)
11,11,(0.20192104598521635-0.2614419760377555j)
12,-12,(-0.010719116200727076-0.10916642957141567j)
12,-11,(0.10991499474226421+0.5761560512875556j)
12,-10,(-0.09240672817670506+0.0852853915707848j)
12,-9,(-0.05498279879283894+0.1091569045288705j)
12,-8,(-0.0750065407486466-0.011553589725356047j)
12,-7,(-0.10629005366687024+0.12757696616291875j)
12,-6,(0.028509374464928836+0.14004172628933978j)
12,-5,(-0.06933689648215934+0.13873416826786128j)
12,-4,(0.06227811647503564+0.1583716277215863j)
12,-3,(-0.1138149724552083+0.0014122466415809859j)
12,-2,(-0.03237819004294711+0.01299716507659231j)
12,-1,(-0.047820715627649925-0.20215228342306707j)
12,0,(-0.059008740495692207+0j)
12,1,(0.04782071562764991-0.20215228342306707j)
12,2,(-0.03237819004294711-0.01299716507659231j)
12,3,(0.11381497245520832+0.0014122466415809859j)
12,4,(0.06227811647503566-0.15837162772158633j)
12,5,(0.06933689648215936+0.13873416826786128j)
12,6,(0.028509374464928846-0.14004172628933975j)
12,7,(0.10629005366687028+0.1275769661629188j)
12,8,(-0.07500654074864659+0.011553589725356047j)
12,9,(0.05498279879283895+0.1091569045288705j)
12,10,(-0.09240672817670507-0.0852853915707848j)
12,11,(-0.10991499474226417+0.5761560512875556j)
12,12,(-0.010719116200727087+0.10916642957141572j)
13,-13,(0.33365453422327823-0.10774732464211852j)
13,-12,(-0.21396730397193678+0.4585634405377222j)
13,-11,(-0.038049456558315944-0.22461983908514707j)
13,-10,(-0.11509374416227551+0.12313310413812464j)
13,-9,(0.1846538790419441-0.22158221025938793j)
13,-8,(-0.08814351415822945+0.05600734306751885j)
13,-7,(0.16755454644448886+0.16106458251726785j)
13,-6,(-0.13681119979116937+0.01414607602701946j)
13,-5,(0.13167718633744854+0.04181186096167754j)
13,-4,(-0.15944310952339405+0.03508978424178813j)
13,-3,(0.2197582272470957+0.05532263618459806j)
13,-2,(-0.00981805345257542-0.06384403686923051j)
13,-1,(0.011703667030859927-0.09330093023277318j)
13,0,(-0.04432341326179233+0j)
13,1,(-0.011703667030859927-0.09330093023277318j)
13,2,(-0.00981805345257542+0.06384403686923053j)
13,3,(-0.21975822724709568+0.055322636184598074j)
13,4,(-0.15944310952339402-0.035089784241788116j)
13,5,(-0.13167718633744857+0.041811860961677556j)
13,6,(-0.1368111997911694-0.014146076027019455j)
13,7,(-0.16755454644448886+0.16106458251726785j)
13,8,(-0.08814351415822944-0.056007343067518874j)
13,9,(-0.1846538790419441-0.22158221025938793j)
13,10,(-0.11509374416227551-0.12313310413812462j)
13,11,(0.03804945655831594-0.22461983908514707j)
13,12,(-0.21396730397193678-0.4585634405377222j)
13,13,(-0.3336545342232782-0.10774732464211852j)
14,-14,(-0.09905899989810764+0.15133157493433577j)
14,-13,(-0.44153636888421494+0.13957777571144772j)
14,-12,(0.042160525759565304-0.5879396010134478j)
14,-11,(0.07119310611186291-0.026292067163218167j)
14,-10,(0.37546284619140374-0.32157004786328175j)
14,-9,(-0.07418870719146252+0.061531671295004704j)
14,-8,(0.033258255408121655-0.13517010459677484j)
14,-7,(-0.08184083846639342-0.016648375674020298j)
14,-6,(0.0704805664827209-0.10667647154598107j)
14,-5,(-0.16740767242135624-0.07472300966316982j)
14,-4,(-0.17089844978783916-0.008936165647262361j)
14,-3,(-0.03175456320683635+0.04085257059608969j)
14,-2,(-0.015240374624314004+0.03341907679728801j)
14,-1,(0.10433124133800388+0.20372231179886227j)
14,0,(-0.052050991227307004+0j)
14,1,(-0.10433124133800388+0.20372231179886227j)
14,2,(-0.015240374624314004-0.03341907679728801j)
14,3,(0.03175456320683633+0.04085257059608969j)
14,4,(-0.17089844978783922+0.008936165647262377j)
14,5,(0.1674076724213562-0.0747230096631698j)
14,6,(0.07048056648272093+0.1066764715459811j)
14,7,(0.08184083846639345-0.01664837567402031j)
14,8,(0.033258255408121655+0.13517010459677484j)
14,9,(0.07418870719146253+0.061531671295004704j)
14,10,(0.37546284619140385+0.32157004786328175j)
14,11,(-0.07119310611186291-0.026292067163218164j)
14,12,(0.042160525759565304+0.5879396010134478j)
14,13,(0.44153636888421494+0.13957777571144772j)
14,14,(-0.09905899989810761-0.15133157493433577j)
15,-15,(-0.39931607116362566+0.5497325774216316j)
15,-14,(-0.0326953498190675-0.41977703163069313j)
15,-13,(0.05493694757848227+0.0694580813950026j)
15,-12,(0.027724713483187162+0.0820986577480439j)
15,-11,(-0.13529419003442397+0.21895468584938163j)
15,-10,(-0.00990963528043217-0.03966029077018552j)
15,-9,(-0.09595320241213705-0.08875584428120457j)
15,-8,(-0.19198679469778399+0.08955055176519851j)
15,-7,(-0.17243414518972458-0.12893431252231866j)
15,-6,(-0.01816819080263416-0.04126147395586223j)
15,-5,(-0.0038985427063034823-0.007732508160044271j)
15,-4,(0.04730117049480024-0.0037533903655708346j)
15,-3,(-0.11542962090581654-0.015261572185200169j)
15,-2,(0.10807057795703011+0.06438142865988684j)
15,-1,(-0.0003689809808627158-0.07800650232129235j)
15,0,(0.15156316302777045+0j)
15,1,(0.00036898098086271324-0.07800650232129233j)
15,2,(0.10807057795703011-0.06438142865988684j)
15,3,(0.11542962090581656-0.015261572185200151j)
15,4,(0.04730117049480026+0.003753390365570837j)
15,5,(0.0038985427063034823-0.007732508160044266j)
15,6,(-0.01816819080263415+0.041261473955862216j)
15,7,(0.17243414518972458-0.12893431252231866j)
15,8,(-0.19198679469778399-0.08955055176519852j)
15,9,(0.095953202412137-0.0887558442812046j)
15,10,(-0.00990963528043217+0.039660290770185534j)
15,11,(0.13529419003442403+0.21895468584938163j)
15,12,(0.027724713483187155-0.0820986577480439j)
15,13,(-0.054936947578482234+0.06945808139500262j)
15,14,(-0.03269534981906751+0.4197770316306932j)
15,15,(0.39931607116362555+0.5497325774216315j)
16,-16,(0.04397812335401321+0.2164857514274039j)
16,-15,(0.18972379557529603-0.5291076710397422j)
16,-14,(0.3519734947492588+0.5246063661293644j)
16,-13,(0.032108691815837184-0.18483676123182768j)
16,-12,(-0.18564615289431405+0.5061580418340424j)
16,-11,(-0.04017771437386203-0.16845759852790462j)
16,-10,(-0.192956580380371+0.015091089903991849j)
16,-9,(0.041232041728728665-0.21017735238224033j)
16,-8,(0.05883345529741841+0.19314155297220575j)
16,-7,(0.1090651718096064-0.05520648210223633j)
16,-6,(-0.18199554085321454+0.2163498756916552j)
16,-5,(0.04156416494452037+0.15623946231945074j)
16,-4,(-0.07174966205611184-0.01396094944132242j)
16,-3,(0.022050677034768918-0.038005767317203475j)
16,-2,(0.014465911846675415-0.03999381842005672j)
16,-1,(-0.10510578794901267-0.18113652598587007j)
16,0,(-0.04590547011900852+0j)
16,1,(0.10510578794901264-0.18113652598587007j)
16,2,(0.014465911846675415+0.039993818420056726j)
16,3,(-0.02205067703476891-0.038005767317203454j)
16,4,(-0.07174966205611184+0.01396094944132241j)
16,5,(-0.04156416494452038+0.15623946231945074j)
16,6,(-0.1819955408532145-0.21634987569165526j)
16,7,(-0.1090651718096064-0.05520648210223634j)
16,8,(0.05883345529741842-0.1931415529722058j)
16,9,(-0.04123204172872868-0.21017735238224033j)
16,10,(-0.19295658038037097-0.015091089903991849j)
16,11,(0.040177714373862056-0.16845759852790468j)
16,12,(-0.18564615289431408-0.5061580418340426j)
16,13,(-0.03210869181583716-0.18483676123182774j)
16,14,(0.3519734947492587-0.5246063661293643j)
16,15,(-0.18972379557529595-0.5291076710397422j)
16,16,(0.043978123354013215-0.2164857514274039j)
17,-17,(0.0710264405437432-0.5497886827660405j)
17,-16,(0.3051906722943636-0.07653049735206847j)
17,-15,(0.036424415225612045+0.09467333817010139j)
17,-14,(-0.2222121965073732-0.11247559529329364j)
17,-13,(-0.029421641196071015-0.006271364616088271j)
17,-12,(0.1418139562742777-0.38479358223927745j)
17,-11,(0.2244241814516258+0.12139194468038189j)
17,-10,(0.1442102775285286-0.029623226236216816j)
17,-9,(0.04879014075514873+0.11048557619314875j)
17,-8,(0.12195212617464593-0.0533902686216669j)
17,-7,(-0.03322311135326354+0.1386507107762708j)
17,-6,(-0.05819063531124042-0.003625642843207497j)
17,-5,(-0.0006507911297103792-0.017443739497556596j)
17,-4,(-0.09691522912633052-0.139522327803993j)
17,-3,(-0.03128756642682638+0.0630190472924592j)
17,-2,(-0.008777451081707972-0.13913277449974107j)
17,-1,(-0.015819215668016907+0.11107051730287244j)
17,0,(-0.06923386520189585+0j)
17,1,(0.015819215668016917+0.11107051730287244j)
17,2,(-0.008777451081707972+0.1391327744997411j)
17,3,(0.03128756642682638+0.0630190472924592j)
17,4,(-0.09691522912633055+0.139522327803993j)
17,5,(0.0006507911297103818-0.01744373949755661j)
17,6,(-0.05819063531124044+0.0036256428432075074j)
17,7,(0.03322311135326354+0.1386507107762708j)
17,8,(0.12195212617464593+0.05339026862166688j)
17,9,(-0.048790140755148766+0.11048557619314872j)
17,10,(0.1442102775285286+0.029623226236216837j)
17,11,(-0.22442418145162585+0.12139194468038189j)
17,12,(0.1418139562742778+0.3847935822392776j)
17,13,(0.02942164119607101-0.006271364616088271j)
17,14,(-0.22221219650737326+0.11247559529329368j)
17,15,(-0.03642441522561204+0.09467333817010139j)
17,16,(0.3051906722943636+0.07653049735206847j)
17,17,(-0.07102644054374317-0.5497886827660408j)
18,-18,(-0.3141940095967203-0.4143976679481834j)
18,-17,(0.08232308828424965+0.5786918091168799j)
18,-16,(-0.7405219855319677-0.21960757696899685j)
18,-15,(0.023703412028466233-0.010666714930533405j)
18,-14,(0.03680695273903855-0.3563438607846448j)
18,-13,(0.0829670852248916+0.02088773617119242j)
18,-12,(0.12282764377589217-0.21652468625163115j)
18,-11,(-0.10008606124318419+0.06761076121063006j)
18,-10,(0.04398353232033754-0.1407532537422778j)
18,-9,(-0.10138595725808988+0.06749392570100991j)
18,-8,(0.024734862406445932-0.13203045244714953j)
18,-7,(-0.10996390865816534+0.03862534475791906j)
18,-6,(0.19714373236343913-0.1469388533802336j)
18,-5,(-0.10233261567460461-0.09455901060958194j)
18,-4,(0.18027759083801378+0.019518387209728986j)
18,-3,(-0.03288122793155677+0.018680929121824733j)
18,-2,(0.10450295564515649+0.03539481009837143j)
18,-1,(0.048098811933512994+0.06262983455864159j)
18,0,(0.09679773538448769+0j)
18,1,(-0.048098811933512994+0.0626298345586416j)
18,2,(0.10450295564515653-0.03539481009837142j)
18,3,(0.03288122793155677+0.01868092912182473j)
18,4,(0.18027759083801376-0.019518387209728996j)
18,5,(0.10233261567460464-0.09455901060958195j)
18,6,(0.19714373236343913+0.14693885338023355j)
18,7,(0.10996390865816537+0.03862534475791906j)
18,8,(0.02473486240644591+0.13203045244714953j)
18,9,(0.10138595725808988+0.06749392570100994j)
18,10,(0.04398353232033753+0.14075325374227782j)
18,11,(0.10008606124318423+0.0676107612106301j)
18,12,(0.12282764377589216+0.21652468625163115j)
18,13,(-0.08296708522489164+0.020887736171192408j)
18,14,(0.03680695273903854+0.35634386078464475j)
18,15,(-0.023703412028466233-0.010666714930533446j)
18,16,(-0.7405219855319678+0.21960757696899685j)
18,17,(-0.08232308828424961+0.57869180911688j)
18,18,(-0.3141940095967202+0.41439766794818333j)
19,-19,(0.035083545269814755+0.5741446761853353j)
19,-18,(-0.02554108908004641+0.32011173664275494j)
19,-17,(-0.3932458889302231-0.2597841164013358j)
19,-16,(0.4479216260969854+0.1332598657076903j)
19,-15,(-0.20020987699309656-0.16681781312633914j)
19,-14,(0.10310436406349519+0.36923624763267476j)
19,-13,(-0.2486462749995842-0.15041640601055334j)
19,-12,(-0.1282430721343894+0.3352901201233939j)
19,-11,(-0.35266305738124776-0.15407585751193334j)
19,-10,(-0.14598640631213947+0.08074869407083886j)
19,-9,(-0.1789313662265872-0.23552479942467597j)
19,-8,(-0.036049231479879165+0.011969969364773547j)
19,-7,(0.07180250809759836-0.2089494313779212j)
19,-6,(0.07804945283342014-0.024943059300189644j)
19,-5,(0.0019481409042974348-0.10349360950399235j)
19,-4,(0.020414426946440096+0.09731570522243295j)
19,-3,(-0.054777258095716125-0.04856752697695616j)
19,-2,(-0.028707482353984588-0.014011388575659905j)
19,-1,(-0.023586342018161954-0.24062187149401967j)
19,0,(0.05787663244075348+0j)
19,1,(0.02358634201816197-0.24062187149401967j)
19,2,(-0.028707482353984577+0.014011388575659894j)
19,3,(0.054777258095716125-0.048567526976956155j)
19,4,(0.020414426946440092-0.09731570522243296j)
19,5,(-0.0019481409042974556-0.10349360950399235j)
19,6,(0.07804945283342014+0.024943059300189693j)
19,7,(-0.07180250809759835-0.20894943137792127j)
19,8,(-0.03604923147987916-0.011969969364773547j)
19,9,(0.1789313662265872-0.23552479942467597j)
19,10,(-0.14598640631213947-0.08074869407083886j)
19,11,(0.35266305738124776-0.15407585751193328j)
19,12,(-0.1282430721343894-0.335290120123394j)
19,13,(0.24864627499958414-0.15041640601055334j)
19,14,(0.1031043640634952-0.36923624763267476j)
19,15,(0.20020987699309659-0.16681781312633917j)
19,16,(0.44792162609698544-0.13325986570769033j)
19,17,(0.39324588893022294-0.25978411640133575j)
19,18,(-0.02554108908004642-0.32011173664275494j)
19,19,(-0.035083545269814755+0.5741446761853353j)
20,-20,(0.6033721839390731+0.25341675145304854j)
20,-19,(-0.409243245811255-0.27605715348355686j)
20,-18,(0.5184025607890872-0.21590480572164295j)
20,-17,(0.22525403753458403+0.021377344301587213j)
20,-16,(0.18881248313488616+0.02585634460624481j)
20,-15,(0.08724810329187743+0.12846900442113574j)
20,-14,(-0.07100591051384939+0.15395243608576845j)
20,-13,(-0.13819885832380666+0.0019788670045344644j)
20,-12,(0.10008998848501499-0.1261787825425206j)
20,-11,(0.20691546341689082+0.06361696430912585j)
20,-10,(0.06236108521802057-0.12358517224554003j)
20,-9,(0.11913850732010067+0.048503874832349456j)
20,-8,(0.01928273884090952+0.11298908375627646j)
20,-7,(0.06970681091091788+0.0318105236214352j)
20,-6,(-0.039430897829992206+0.009752520001871842j)
20,-5,(-0.03933579087630566-0.042233257432035175j)
20,-4,(-0.12630875410527012-0.08170808220408524j)
20,-3,(0.013311391272462104-0.04667273022727306j)
20,-2,(-0.17325947624293483-0.04151716734497449j)
20,-1,(-0.04171811950153567-0.05524497182512211j)
20,0,(-0.1785210157257498+0j)
20,1,(0.04171811950153567-0.05524497182512214j)
20,2,(-0.17325947624293483+0.04151716734497451j)
20,3,(-0.013311391272462104-0.04667273022727305j)
20,4,(-0.12630875410527015+0.08170808220408526j)
20,5,(0.039335790876305676-0.042233257432035175j)
20,6,(-0.039430897829992206-0.009752520001871831j)
20,7,(-0.06970681091091786+0.031810523621435216j)
20,8,(0.01928273884090955-0.11298908375627645j)
20,9,(-0.11913850732010065+0.048503874832349414j)
20,10,(0.062361085218020564+0.12358517224554001j)
20,11,(-0.2069154634168908+0.0636169643091258j)
20,12,(0.10008998848501502+0.1261787825425206j)
20,13,(0.13819885832380663+0.00197886700453448j)
20,14,(-0.07100591051384936-0.15395243608576847j)
20,15,(-0.08724810329187747+0.1284690044211358j)
20,16,(0.18881248313488613-0.025856344606244815j)
20,17,(-0.22525403753458403+0.021377344301587203j)
20,18,(0.5184025607890872+0.21590480572164292j)
20,19,(0.409243245811255-0.27605715348355686j)
20,20,(0.6033721839390731-0.25341675145304843j)
21,-21,(-0.21337918345001683-0.49491225104309555j)
21,-20,(-0.47988035607110696-0.4605042005467478j)
21,-19,(0.67595937075458-0.2114462949927245j)
21,-18,(-0.4570090366515444+0.14649172031464172j)
21,-17,(0.13925449197251188+0.05488864179725348j)
21,-16,(-0.20505804905513583-0.11920371885592165j)
21,-15,(0.08014040987765934-0.15805174714460407j)
21,-14,(-0.14810420447444014-0.17291523547703216j)
21,-13,(0.3613376666098351+0.0028667430605279014j)
21,-12,(0.0292608032451371-0.12516136594997773j)
21,-11,(0.10623034356507233+0.11807565737411699j)
21,-10,(-0.03243334714484201-0.07109647438096332j)
21,-9,(0.04074301767839093+0.1790605386839957j)
21,-8,(-0.08877473744564794-0.23166471577127648j)
21,-7,(-0.09983802279727214+0.1187089020367638j)
21,-6,(0.10378462747015949-0.0865516490109754j)
21,-5,(-0.082627189366143+0.120139960293246j)
21,-4,(0.009265897770443841+0.011197258754698042j)
21,-3,(-0.1008759069485967+0.08424089373351143j)
21,-2,(-0.003650948777400666-0.030081271955991726j)
21,-1,(0.11646516299365132+0.11050616298727763j)
21,0,(-0.07379390283053665+0j)
21,1,(-0.11646516299365135+0.11050616298727763j)
21,2,(-0.0036509487774006714+0.030081271955991726j)
21,3,(0.1008759069485967+0.08424089373351144j)
21,4,(0.009265897770443832-0.011197258754698042j)
21,5,(0.08262718936614302+0.12013996029324603j)
21,6,(0.1037846274701595+0.08655164901097542j)
21,7,(0.09983802279727212+0.11870890203676383j)
21,8,(-0.08877473744564796+0.23166471577127654j)
21,9,(-0.04074301767839093+0.17906053868399568j)
21,10,(-0.03243334714484201+0.07109647438096331j)
21,11,(-0.10623034356507231+0.11807565737411703j)
21,12,(0.02926080324513709+0.12516136594997765j)
21,13,(-0.3613376666098352+0.0028667430605278806j)
21,14,(-0.1481042044744402+0.17291523547703214j)
21,15,(-0.08014040987765933-0.15805174714460407j)
21,16,(-0.20505804905513583+0.11920371885592171j)
21,17,(-0.13925449197251194+0.054888641797253515j)
21,18,(-0.4570090366515444-0.14649172031464172j)
21,19,(-0.67595937075458-0.21144629499272447j)
21,20,(-0.47988035607110696+0.4605042005467478j)
21,21,(0.21337918345001677-0.49491225104309555j)
22,-22,(-0.761025494080361-0.012533084014926005j)
22,-21,(0.3055780185892971-0.0940322461456857j)
22,-20,(0.1560594112046789+0.43579994408018147j)
22,-19,(-0.4779772533295431+0.28798125382004836j)
22,-18,(-0.09897305667453037-0.02278588691930781j)
22,-17,(-0.3630373018611104-0.06369359031613808j)
22,-16,(0.27262967884928163-0.009638292918258217j)
22,-15,(-0.15274208237131057-0.20668697164080435j)
22,-14,(0.15540870578124522+0.13598452574060213j)
22,-13,(-0.3559695144807515-0.15126496204459206j)
22,-12,(-0.203689677004767+0.1648535182498213j)
22,-11,(-0.17026074552518805-0.09937284936144543j)
22,-10,(-0.09720355403128654+0.12034027256961036j)
22,-9,(-0.054175071067380544-0.12456657449915151j)
22,-8,(-0.030033055375878196+0.07840981180196262j)
22,-7,(0.12526920186808696-0.0981500014032632j)
22,-6,(0.05317946230695128-0.06642355182085251j)
22,-5,(0.0814838536864695+0.06265220698369682j)
22,-4,(0.027988569735919847-0.05378355238725318j)
22,-3,(-0.03371148637858007+0.08939680350198807j)
22,-2,(0.12091564779194566-0.036673383796919944j)
22,-1,(-0.014555883311514547+0.06847476466549438j)
22,0,(0.09615139804962253+0j)
22,1,(0.014555883311514558+0.06847476466549438j)
22,2,(0.1209156477919457+0.03667338379691994j)
22,3,(0.03371148637858008+0.08939680350198807j)
22,4,(0.027988569735919816+0.05378355238725319j)
22,5,(-0.08148385368646953+0.06265220698369682j)
22,6,(0.05317946230695129+0.06642355182085252j)
22,7,(-0.125269201868087-0.09815000140326322j)
22,8,(-0.030033055375878196-0.07840981180196263j)
22,9,(0.054175071067380544-0.12456657449915148j)
22,10,(-0.09720355403128655-0.12034027256961037j)
22,11,(0.170260745525188-0.09937284936144535j)
22,12,(-0.20368967700476703-0.16485351824982133j)
22,13,(0.3559695144807514-0.151264962044592j)
22,14,(0.15540870578124527-0.13598452574060216j)
22,15,(0.15274208237131057-0.20668697164080443j)
22,16,(0.2726296788492817+0.009638292918258228j)
22,17,(0.36303730186111055-0.06369359031613808j)
22,18,(-0.09897305667453032+0.022785886919307788j)
22,19,(0.4779772533295431+0.28798125382004836j)
22,20,(0.15605941120467895-0.4357999440801816j)
22,21,(-0.30557801858929706-0.0940322461456857j)
22,22,(-0.7610254940803608+0.012533084014925998j)
23,-23,(0.1910431422614787+0.19715043187462947j)
23,-22,(0.7440600199853928+0.06005694516020938j)
23,-21,(-0.3072890948004036+0.640294414520938j)
23,-20,(0.10189898284412809-0.258061969136956j)
23,-19,(-0.20663228071621426+0.17914775688951656j)
23,-18,(0.33599678780810666-0.17366869843423613j)
23,-17,(-0.0038516977975445944+0.2438328110777771j)
23,-16,(0.17102630628157134+0.046015350018402304j)
23,-15,(-0.13415364843978683+0.11357945238054788j)
23,-14,(-0.032830538470832955+0.20584068731177255j)
23,-13,(-0.21650222408418196+0.031504973207069346j)
23,-12,(0.08872984944696836-0.016024171691610856j)
23,-11,(-0.006216756594843075-0.0354075064497918j)
23,-10,(0.06133906909712945-0.0029744315854001798j)
23,-9,(-0.04810405333598973-0.0773063094009276j)
23,-8,(0.16049983347132257+0.16555521964713668j)
23,-7,(-0.01890316181205384-0.07446190865517222j)
23,-6,(-0.13714239120728805+0.13992212015474162j)
23,-5,(-0.013387679112572118-0.011690480816035412j)
23,-4,(-0.1510141575784456+0.05846923738290876j)
23,-3,(0.06076777252168235-0.19115634890787045j)
23,-2,(-0.15525322104741648-0.12696050541508969j)
23,-1,(-0.01031927695361004-0.2012991335842618j)
23,0,(0.08685425409392586+0j)
23,1,(0.010319276953610061-0.2012991335842618j)
23,2,(-0.1552532210474165+0.12696050541508969j)
23,3,(-0.06076777252168232-0.19115634890787045j)
23,4,(-0.15101415757844558-0.05846923738290874j)
23,5,(0.013387679112572113-0.011690480816035428j)
23,6,(-0.13714239120728805-0.13992212015474162j)
23,7,(0.018903161812053853-0.07446190865517226j)
23,8,(0.16049983347132263-0.16555521964713668j)
23,9,(0.048104053335989716-0.07730630940092759j)
23,10,(0.06133906909712943+0.0029744315854001693j)
23,11,(0.006216756594843086-0.03540750644979182j)
23,12,(0.08872984944696839+0.016024171691610824j)
23,13,(0.21650222408418196+0.031504973207069326j)
23,14,(-0.032830538470832955-0.20584068731177252j)
23,15,(0.13415364843978683+0.11357945238054788j)
23,16,(0.17102630628157137-0.046015350018402304j)
23,17,(0.0038516977975445944+0.2438328110777771j)
23,18,(0.3359967878081069+0.17366869843423627j)
23,19,(0.20663228071621434+0.17914775688951662j)
23,20,(0.10189898284412807+0.25806196913695595j)
23,21,(0.30728909480040356+0.6402944145209378j)
23,22,(0.7440600199853926-0.06005694516020935j)
23,23,(-0.1910431422614787+0.19715043187462947j)
24,-24,(0.656874315334085-0.41439978593777044j)
24,-23,(0.03605437689320006+0.031926130141507504j)
24,-22,(-0.399088733664572-0.045553132105158364j)
24,-21,(0.3546276378703412-0.7396112245325007j)
24,-20,(0.02877269765748349+0.054115849315463524j)
24,-19,(0.42802379609940344-0.13004017324293926j)
24,-18,(-0.04762099037178413+0.2962497971295329j)
24,-17,(0.17070488218696137+0.006685072431979148j)
24,-16,(-0.2685699201299552+0.04624585435818771j)
24,-15,(0.17713565579527904+0.004219664496121268j)
24,-14,(-0.16991799901034493-0.12159652720553368j)
24,-13,(0.19045207663505043+0.03065984597688178j)
24,-12,(-0.02035106579437193-0.18388278838210664j)
24,-11,(0.2517323249640737+0.22192772767318256j)
24,-10,(0.0480619670106523-0.03674259032549807j)
24,-9,(0.02883255525786222+0.3561673038793506j)
24,-8,(-0.07536405239918376-0.09596710383721777j)
24,-7,(-0.04752348770914446+0.05671985234096691j)
24,-6,(-0.0325176943533162-0.13894139034600753j)
24,-5,(-0.12540576315904242+0.025025021974500815j)
24,-4,(0.01076629025490073+0.03768359239927387j)
24,-3,(-0.007052500768094057+0.005492281349541345j)
24,-2,(-0.14877221056035025+0.03900784766786532j)
24,-1,(0.06764865019691418+0.023822867972842526j)
24,0,(-0.044459624687307395+0j)
24,1,(-0.06764865019691417+0.02382286797284253j)
24,2,(-0.1487722105603503-0.03900784766786532j)
24,3,(0.0070525007680940464+0.005492281349541345j)
24,4,(0.010766290254900727-0.03768359239927388j)
24,5,(0.12540576315904242+0.025025021974500804j)
24,6,(-0.032517694353316216+0.13894139034600755j)
24,7,(0.047523487709144475+0.05671985234096695j)
24,8,(-0.07536405239918377+0.09596710383721775j)
24,9,(-0.028832555257862248+0.35616730387935064j)
24,10,(0.048061967010652296+0.03674259032549806j)
24,11,(-0.2517323249640738+0.22192772767318256j)
24,12,(-0.02035106579437194+0.18388278838210662j)
24,13,(-0.19045207663505048+0.030659845976881785j)
24,14,(-0.16991799901034493+0.12159652720553367j)
24,15,(-0.17713565579527896+0.0042196644961212375j)
24,16,(-0.26856992012995523-0.0462458543581877j)
24,17,(-0.17070488218696137+0.00668507243197913j)
24,18,(-0.04762099037178411-0.29624979712953287j)
24,19,(-0.4280237960994036-0.1300401732429393j)
24,20,(0.028772697657483522-0.05411584931546354j)
24,21,(-0.3546276378703412-0.7396112245325007j)
24,22,(-0.399088733664572+0.04555313210515835j)
24,23,(-0.03605437689320006+0.03192613014150748j)
24,24,(0.6568743153340852+0.4143997859377705j)
25,-25,(-0.2355815338298854-0.3127732277476746j)
25,-24,(-0.6538737817330642+0.5124276110050103j)
25,-23,(-0.3097598845764446-0.6295803141648553j)
25,-22,(0.3149248605157165+0.04483715566200728j)
25,-21,(-0.11979386044027354-0.09758602216092953j)
25,-20,(-0.02080718522655102+0.2211602205636745j)
25,-19,(-0.32086697994430274+0.09889078526051133j)
25,-18,(-0.06331270369373838-0.078677286355063j)
25,-17,(-0.15773111183658148-0.2537649018601262j)
25,-16,(0.21276150314302233-0.20490577981523828j)
25,-15,(-0.04114682449813545-0.15243124235183136j)
25,-14,(0.12097174585188578+0.09478470281182906j)
25,-13,(-0.02312651302436223+0.05126383720865182j)
25,-12,(0.17245028878112073+0.125834999022951j)
25,-11,(-0.015263537698236794+0.03144704949682406j)
25,-10,(-0.10611677394663506-0.02340834095576148j)
25,-9,(-0.02582783930358154+0.03339025687913614j)
25,-8,(-0.08509797782349475-0.016689312708526752j)
25,-7,(0.019017817933663802+0.012802439888923035j)
25,-6,(0.04266965688390056-0.12392275360167168j)
25,-5,(0.13186945964604743+0.05374202336711372j)
25,-4,(0.09039162156769649-0.08519883664378991j)
25,-3,(-0.01801283886724764+0.059779902225217674j)
25,-2,(0.008109083936763422-0.10236274889717648j)
25,-1,(-0.04465674412529697+0.07397861119996849j)
25,0,(0.020567883223431723+0j)
25,1,(0.04465674412529697+0.07397861119996849j)
25,2,(0.008109083936763416+0.10236274889717648j)
25,3,(0.01801283886724764+0.059779902225217674j)
25,4,(0.09039162156769649+0.08519883664378991j)
25,5,(-0.13186945964604746+0.05374202336711374j)
25,6,(0.042669656883900536+0.12392275360167167j)
25,7,(-0.0190178179336638+0.01280243988892303j)
25,8,(-0.08509797782349471+0.016689312708526756j)
25,9,(0.02582783930358154+0.03339025687913613j)
25,10,(-0.10611677394663506+0.02340834095576149j)
25,11,(0.015263537698236799+0.0314470494968241j)
25,12,(0.17245028878112073-0.125834999022951j)
25,13,(0.02312651302436221+0.0512638372086518j)
25,14,(0.12097174585188573-0.09478470281182903j)
25,15,(0.04114682449813545-0.15243124235183142j)
25,16,(0.21276150314302233+0.20490577981523822j)
25,17,(0.15773111183658148-0.2537649018601262j)
25,18,(-0.0633127036937384+0.078677286355063j)
25,19,(0.32086697994430274+0.09889078526051133j)
25,20,(-0.020807185226550992-0.2211602205636745j)
25,21,(0.11979386044027357-0.09758602216092951j)
25,22,(0.31492486051571644-0.04483715566200726j)
25,23,(0.3097598845764447-0.6295803141648555j)
25,24,(-0.6538737817330642-0.5124276110050103j)
25,25,(0.2355815338298854-0.3127732277476746j)
26,-26,(-0.39451543887198515+0.525826930707547j)
26,-25,(-0.09501128128285838+0.2747591439592561j)
26,-24,(0.25913367274405963-0.2823131955766939j)
26,-23,(0.33326815340348453+0.7993957038534795j)
26,-22,(-0.10233841205589828+0.10579791484062655j)
26,-21,(-0.15545363383827374+0.4480539744684563j)
26,-20,(-0.2643307302810115-0.09123540180099705j)
26,-19,(-0.13517319460184185+0.16350814812361197j)
26,-18,(0.17613327078928076-0.2874613811692899j)
26,-17,(0.010134264432167094+0.03013082589378818j)
26,-16,(0.08053366977063268-0.12344400626751405j)
26,-15,(-0.1825725891392245+0.1324325046835253j)
26,-14,(-0.034349618356589715-0.03331649831086295j)
26,-13,(-0.3333434556126436+0.023462508775861486j)
26,-12,(0.0019775736541207804+0.08975510805634546j)
26,-11,(-0.2609026096042474-0.15412312920131618j)
26,-10,(0.17105599247607467-0.03365205567761972j)
26,-9,(0.0027527671721427546-0.20094436967636448j)
26,-8,(0.033034265731154304+0.05655305897013899j)
26,-7,(0.055489016298960726-0.12918638955488224j)
26,-6,(-0.05962187765129703+0.029409757347942055j)
26,-5,(0.07418509739726314-0.032852220477956155j)
26,-4,(0.06220359267729418+0.10532384768035716j)
26,-3,(0.08863496164566616-0.01957563646538131j)
26,-2,(0.11845967861323742-0.06405298911878485j)
26,-1,(-0.08693078378530944-0.1137417010251414j)
26,0,(-0.046066511329180736+0j)
26,1,(0.08693078378530943-0.11374170102514139j)
26,2,(0.11845967861323742+0.06405298911878486j)
26,3,(-0.08863496164566616-0.019575636465381314j)
26,4,(0.062203592677294174-0.10532384768035716j)
26,5,(-0.07418509739726317-0.03285222047795616j)
26,6,(-0.05962187765129706-0.029409757347942055j)
26,7,(-0.05548901629896074-0.12918638955488226j)
26,8,(0.03303426573115434-0.056553058970139014j)
26,9,(-0.00275276717214276-0.20094436967636445j)
26,10,(0.1710559924760747+0.03365205567761972j)
26,11,(0.2609026096042474-0.15412312920131627j)
26,12,(0.001977573654120801-0.08975510805634544j)
26,13,(0.3333434556126437+0.023462508775861476j)
26,14,(-0.034349618356589715+0.03331649831086294j)
26,15,(0.18257258913922447+0.1324325046835253j)
26,16,(0.08053366977063266+0.12344400626751405j)
26,17,(-0.0101342644321671+0.030130825893788158j)
26,18,(0.1761332707892807+0.2874613811692899j)
26,19,(0.1351731946018419+0.16350814812361197j)
26,20,(-0.2643307302810115+0.09123540180099707j)
26,21,(0.1554536338382738+0.4480539744684564j)
26,22,(-0.10233841205589828-0.10579791484062659j)
26,23,(-0.3332681534034845+0.7993957038534792j)
26,24,(0.25913367274405963+0.2823131955766938j)
26,25,(0.09501128128285839+0.2747591439592562j)
26,26,(-0.39451543887198515-0.5258269307075469j)
27,-27,(0.28825455741710726+0.3625441122055228j)
27,-26,(0.18662754256624334-0.5479970694748046j)
27,-25,(0.8942016278526701+0.12994216111740553j)
27,-24,(-0.03446880479891603+0.2867535470101143j)
27,-23,(0.08872490259120888-0.1602475155294995j)
27,-22,(-0.013160580502552838-0.052963597030352805j)
27,-21,(0.240339931726362-0.36631679397435185j)
27,-20,(0.06826300133040303+0.006881383864657628j)
27,-19,(0.41736003855505505-0.07379408495835307j)
27,-18,(-0.04166003337602985+0.26199147609777124j)
27,-17,(0.14181424761518696+0.13859349832516235j)
27,-16,(-0.16766325219440897+0.21209976969910307j)
27,-15,(0.011857705018766884-0.08650814674393978j)
27,-14,(-0.08433784131196875-0.10186749680018001j)
27,-13,(0.26035096498722765+0.09449189326978133j)
27,-12,(-0.023952494629088286-0.03798789927981719j)
27,-11,(0.16990732694436705+0.09423179394978376j)
27,-10,(-0.08283522861869791+0.043544776603072134j)
27,-9,(-0.0003560447821441839+0.07664575976232667j)
27,-8,(0.06936127360755996-0.020619221450823032j)
27,-7,(-0.09894973454787774+0.05480046031196544j)
27,-6,(-0.035927487362376616+0.1007689847928483j)
27,-5,(0.056534427862172686-0.12966293751968982j)
27,-4,(-0.07484745068026985-0.06049441034837478j)
27,-3,(-0.058980847767513535-0.02548939409445027j)
27,-2,(-0.06829090029618087+0.016272599122781048j)
27,-1,(-0.009662527372795986-0.12234881423618225j)
27,0,(0.008435762608490164+0j)
27,1,(0.009662527372795975-0.12234881423618224j)
27,2,(-0.06829090029618089-0.016272599122781048j)
27,3,(0.058980847767513514-0.025489394094450266j)
27,4,(-0.07484745068026984+0.06049441034837478j)
27,5,(-0.056534427862172665-0.12966293751968985j)
27,6,(-0.035927487362376616-0.1007689847928483j)
27,7,(0.09894973454787775+0.05480046031196544j)
27,8,(0.06936127360755995+0.02061922145082304j)
27,9,(0.00035604478214417356+0.07664575976232663j)
27,10,(-0.08283522861869791-0.04354477660307215j)
27,11,(-0.16990732694436705+0.09423179394978376j)
27,12,(-0.02395249462908828+0.0379878992798172j)
27,13,(-0.26035096498722765+0.09449189326978133j)
27,14,(-0.08433784131196873+0.10186749680018002j)
27,15,(-0.011857705018766873-0.08650814674393976j)
27,16,(-0.167663252194409-0.21209976969910302j)
27,17,(-0.14181424761518696+0.13859349832516235j)
27,18,(-0.04166003337602982-0.2619914760977711j)
27,19,(-0.41736003855505505-0.07379408495835307j)
27,20,(0.06826300133040303-0.0068813838646576385j)
27,21,(-0.24033993172636212-0.366316793974352j)
27,22,(-0.013160580502552843+0.052963597030352805j)
27,23,(-0.08872490259120888-0.1602475155294995j)
27,24,(-0.03446880479891601-0.2867535470101144j)
27,25,(-0.8942016278526701+0.1299421611174055j)
27,26,(0.18662754256624334+0.547997069474805j)
27,27,(-0.28825455741710726+0.36254411220552285j)
28,-28,(-0.056103418257324775-0.4601834000375128j)
28,-27,(-0.007222245788736426-0.4340489292524092j)
28,-26,(0.33166710359183654+0.2928136922836622j)
28,-25,(-0.6580905140108816-0.28347391040802045j)
28,-24,(0.1565874222082392-0.2172772290046924j)
28,-23,(-0.279031756263591-0.418328686081749j)
28,-22,(0.37054553888584774-0.06863235865753711j)
28,-21,(-0.021145213774928718-0.0320210225688883j)
28,-20,(0.2478564945745788+0.32132472512198335j)
28,-19,(-0.09856060382712796-0.09358340863227267j)
28,-18,(0.010902971736533727-0.0319827159315496j)
28,-17,(0.06224662386736348-0.349957474797365j)
28,-16,(0.18787031652689673+0.0261048750650437j)
28,-15,(0.08842154735769779-0.26538363840862605j)
28,-14,(0.13401541058730942+0.14542240229089196j)
28,-13,(0.20027035872846807+0.06984463357269391j)
28,-12,(-0.012784125811804785+0.07221475625348982j)
28,-11,(0.14288146814777358+0.053030348743216306j)
28,-10,(-0.03663535039887324-0.06313561109663687j)
28,-9,(0.07619557498925053+0.15316746810869958j)
28,-8,(-0.17271635855050071-0.11245432193419129j)
28,-7,(0.037204680956827885+0.21212913843340306j)
28,-6,(0.07660187562464942-0.04145925848004204j)
28,-5,(-0.03873815336960669+0.09418924071359332j)
28,-4,(-0.05251686116573031-0.07617256307284116j)
28,-3,(0.006393246332141129+0.07031243127438179j)
28,-2,(0.030672455114961066+0.01592846241857352j)
28,-1,(0.033884732702862956+0.05813447411990862j)
28,0,(-0.1608712754793707+0j)
28,1,(-0.03388473270286296+0.058134474119908644j)
28,2,(0.03067245511496108-0.015928462418573524j)
28,3,(-0.006393246332141122+0.07031243127438176j)
28,4,(-0.05251686116573032+0.07617256307284119j)
28,5,(0.038738153369606655+0.09418924071359329j)
28,6,(0.07660187562464942+0.04145925848004202j)
28,7,(-0.03720468095682787+0.21212913843340306j)
28,8,(-0.1727163585505008+0.11245432193419132j)
28,9,(-0.07619557498925052+0.15316746810869955j)
28,10,(-0.036635350398873216+0.06313561109663686j)
28,11,(-0.14288146814777358+0.05303034874321633j)
28,12,(-0.012784125811804785-0.0722147562534898j)
28,13,(-0.20027035872846807+0.06984463357269391j)
28,14,(0.1340154105873094-0.14542240229089196j)
28,15,(-0.08842154735769776-0.265383638408626j)
28,16,(0.18787031652689665-0.02610487506504371j)
28,17,(-0.06224662386736345-0.34995747479736494j)
28,18,(0.010902971736533727+0.03198271593154961j)
28,19,(0.09856060382712784-0.09358340863227266j)
28,20,(0.2478564945745789-0.3213247251219834j)
28,21,(0.021145213774928708-0.0320210225688883j)
28,22,(0.37054553888584774+0.06863235865753713j)
28,23,(0.27903175626359106-0.41832868608174917j)
28,24,(0.15658742220823912+0.21727722900469237j)
28,25,(0.6580905140108818-0.28347391040802045j)
28,26,(0.33166710359183665-0.2928136922836624j)
28,27,(0.007222245788736468-0.4340489292524094j)
28,28,(-0.05610341825732476+0.46018340003751296j)
29,-29,(-0.5998811496346486-0.10273569811023683j)
29,-28,(0.3144013753770601+0.2868055280482396j)
29,-27,(-0.7059231567330646+0.5361928551804126j)
29,-26,(-0.3533042958573772-0.37127095641157537j)
29,-25,(0.1228075608165967+0.09795637751759484j)
29,-24,(-0.10015887782441374-0.11881190341851401j)
29,-23,(0.09239787247026227+0.38109514909991804j)
29,-22,(-0.3479471771105093-0.049386747463870805j)
29,-21,(-0.23237953695706298+0.23768757616657926j)
29,-20,(-0.32412429679046295-0.33491161542077236j)
29,-19,(-0.10346742278213851+0.06836501557056991j)
29,-18,(-0.04826485152922632-0.23423130526229602j)
29,-17,(0.004186184923773593-0.06898290639672704j)
29,-16,(0.15553176627548573-0.17247195238981508j)
29,-15,(-0.22602053436052136+0.21292320454382743j)
29,-14,(0.19110179618784934-0.044257190061958086j)
29,-13,(-0.26280069397001243+0.022485509831627927j)
29,-12,(0.07403140673512157+0.019254183132463777j)
29,-11,(-0.11764150733355512-0.072935192523467j)
29,-10,(-0.017495665743149685-0.0680412014929971j)
29,-9,(-0.031041755072635277-0.23623040051049182j)
29,-8,(0.04158674089068972+0.014588205079878066j)
29,-7,(0.07447105188452-0.11539660926934846j)
29,-6,(0.09467228042732823+0.09954988192336253j)
29,-5,(-0.003215155249473146+0.05273914381509686j)
29,-4,(0.026311715918982622+0.0751365276116393j)
29,-3,(-0.04194323295812329+0.010729198581294157j)
29,-2,(0.052787467149497266-0.012845205066165075j)
29,-1,(0.1061541348320685+0.14780756066456602j)
29,0,(-0.00909908943697633+0j)
29,1,(-0.1061541348320685+0.14780756066456602j)
29,2,(0.052787467149497266+0.01284520506616505j)
29,3,(0.04194323295812329+0.010729198581294164j)
29,4,(0.026311715918982608-0.07513652761163929j)
29,5,(0.0032151552494731643+0.052739143815096846j)
29,6,(0.09467228042732821-0.09954988192336249j)
29,7,(-0.07447105188452-0.11539660926934843j)
29,8,(0.04158674089068973-0.014588205079878055j)
29,9,(0.031041755072635294-0.23623040051049182j)
29,10,(-0.01749566574314969+0.0680412014929971j)
29,11,(0.1176415073335551-0.07293519252346699j)
29,12,(0.07403140673512157-0.019254183132463784j)
29,13,(0.26280069397001243+0.02248550983162793j)
29,14,(0.19110179618784937+0.04425719006195806j)
29,15,(0.22602053436052136+0.21292320454382738j)
29,16,(0.1555317662754857+0.17247195238981505j)
29,17,(-0.004186184923773588-0.06898290639672705j)
29,18,(-0.04826485152922632+0.23423130526229588j)
29,19,(0.10346742278213852+0.06836501557056993j)
29,20,(-0.32412429679046284+0.33491161542077225j)
29,21,(0.23237953695706298+0.23768757616657918j)
29,22,(-0.34794717711050943+0.04938674746387082j)
29,23,(-0.09239787247026228+0.38109514909991804j)
29,24,(-0.10015887782441382+0.11881190341851405j)
29,25,(-0.12280756081659672+0.09795637751759487j)
29,26,(-0.3533042958573773+0.37127095641157554j)
29,27,(0.7059231567330648+0.5361928551804127j)
29,28,(0.3144013753770601-0.2868055280482396j)
29,29,(0.5998811496346487-0.1027356981102368j)
30,-30,(0.21123532051933466+0.3646261931655154j)
30,-29,(0.4034857877239929+0.29677231364395884j)
30,-28,(-0.5199882614020788+0.13108997794003652j)
30,-27,(0.6011827334752016-0.33010816728659415j)
30,-26,(0.07207013082489704+0.40909118299123315j)
30,-25,(0.4242755290089135+0.1141023214564476j)
30,-24,(-0.3182254704849533+0.522327981616313j)
30,-23,(0.04441788204955579-0.04071630735224433j)
30,-22,(-0.21913904842249107+0.14039370518767771j)
30,-21,(0.13622408483044474-0.26685670087500185j)
30,-20,(0.035966514611678824+0.014714311641478664j)
30,-19,(0.25357369552069886+0.16935586082471082j)
30,-18,(-0.2508231624376585+0.19390587744736457j)
30,-17,(0.030232764245763478+0.2868559345951071j)
30,-16,(-0.2806043218325337+0.039811745555096215j)
30,-15,(-0.09974445999247458+0.11246077373848505j)
30,-14,(-0.2597148597296472-0.12288386526743299j)
30,-13,(-0.0890013778136554+0.03210207711285869j)
30,-12,(-0.01983799874169659-0.0914847664875582j)
30,-11,(0.05195535333269911+0.05254054629464586j)
30,-10,(0.09924731463332373-0.08851808305862936j)
30,-9,(-0.0553849791171077-0.09277157152748076j)
30,-8,(0.05655698316881178+0.12514965668186329j)
30,-7,(-0.08552457455952789-0.0810240638522713j)
30,-6,(0.07791310125530873+0.13413389997336736j)
30,-5,(0.06596863219987434-0.08803531697471897j)
30,-4,(0.06182408601745715+0.03342893237603857j)
30,-3,(-0.0677054233444016-0.05165034202343153j)
30,-2,(-0.042240575204252125+0.029229724694137267j)
30,-1,(-0.028462830643846762+0.016311835827802358j)
30,0,(0.022413216546378716+0j)
30,1,(0.028462830643846762+0.01631183582780234j)
30,2,(-0.042240575204252125-0.029229724694137257j)
30,3,(0.0677054233444016-0.05165034202343153j)
30,4,(0.06182408601745716-0.03342893237603858j)
30,5,(-0.06596863219987432-0.08803531697471897j)
30,6,(0.0779131012553087-0.13413389997336736j)
30,7,(0.08552457455952789-0.08102406385227133j)
30,8,(0.056556983168811775-0.1251496566818633j)
30,9,(0.05538497911710772-0.09277157152748079j)
30,10,(0.0992473146333237+0.08851808305862935j)
30,11,(-0.05195535333269909+0.052540546294645864j)
30,12,(-0.01983799874169661+0.09148476648755814j)
30,13,(0.08900137781365539+0.03210207711285871j)
30,14,(-0.2597148597296471+0.12288386526743297j)
30,15,(0.09974445999247462+0.11246077373848506j)
30,16,(-0.28060432183253375-0.039811745555096235j)
30,17,(-0.030232764245763478+0.2868559345951071j)
30,18,(-0.2508231624376586-0.19390587744736465j)
30,19,(-0.25357369552069875+0.16935586082471074j)
30,20,(0.03596651461167883-0.014714311641478633j)
30,21,(-0.13622408483044474-0.2668567008750018j)
30,22,(-0.21913904842249107-0.14039370518767771j)
30,23,(-0.04441788204955582-0.04071630735224431j)
30,24,(-0.3182254704849535-0.5223279816163132j)
30,25,(-0.4242755290089137+0.11410232145644769j)
30,26,(0.07207013082489704-0.40909118299123315j)
30,27,(-0.6011827334752016-0.3301081672865942j)
30,28,(-0.5199882614020789-0.13108997794003652j)
30,29,(-0.403485787723993+0.2967723136439589j)
30,30,(0.21123532051933466-0.36462619316551553j)
31,-31,(0.4282177703212182-0.1697992505164799j)
31,-30,(-0.3857074047602139+0.013450730760991852j)
31,-29,(0.0763147769146711-0.564270829399496j)
31,-28,(0.6772791813601574-0.1878358125737545j)
31,-27,(-0.0671274757776716+0.1791865928617066j)
31,-26,(0.2023999525505299+0.023765203279782012j)
31,-25,(-0.42320841081008337-0.13632724021158485j)
31,-24,(0.20925872093792605-0.33457971140885107j)
31,-23,(-0.08867792288532952-0.1677028735215669j)
31,-22,(0.5063132842221354-0.07311688604196974j)
31,-21,(0.1372177735267574+0.04050485747256976j)
31,-20,(0.3167984428660158+0.21105488940613418j)
31,-19,(-0.19726003404174283+0.12502453870666427j)
31,-18,(-0.04846022300592997+0.3281456369173873j)
31,-17,(-0.11223942394952402-0.09744548216404322j)
31,-16,(0.031050271108152346+0.18529309191799087j)
31,-15,(0.12111528939033882-0.18895018401864308j)
31,-14,(0.005784036092879581+0.1920588116804349j)
31,-13,(0.24976792154193742-0.05616113434703678j)
31,-12,(-0.07036733521268668+0.17940827137102902j)
31,-11,(0.1836961659208424+0.1775109683303338j)
31,-10,(-0.08301595049473344+0.03129713149992361j)
31,-9,(0.047914798443722866+0.06129385346462689j)
31,-8,(-0.13648427594561816-0.13397756328210592j)
31,-7,(0.01836958602815673+0.10522868114918714j)
31,-6,(-0.03264663774085696-0.14075929290791497j)
31,-5,(0.011579428963603198+0.07249364008804511j)
31,-4,(0.026408429555394904-0.057675523706997425j)
31,-3,(-0.02357768758346992-0.04654937941734359j)
31,-2,(-0.14217960009123845-0.050536304153502444j)
31,-1,(-0.020604367817675065-0.10403465373879325j)
31,0,(-0.0653536689708584+0j)
31,1,(0.020604367817675058-0.10403465373879325j)
31,2,(-0.14217960009123842+0.050536304153502444j)
31,3,(0.023577687583469908-0.046549379417343585j)
31,4,(0.026408429555394915+0.05767552370699741j)
31,5,(-0.011579428963603209+0.07249364008804512j)
31,6,(-0.03264663774085694+0.14075929290791495j)
31,7,(-0.01836958602815673+0.10522868114918715j)
31,8,(-0.13648427594561816+0.13397756328210597j)
31,9,(-0.047914798443722845+0.06129385346462689j)
31,10,(-0.08301595049473344-0.03129713149992363j)
31,11,(-0.1836961659208424+0.17751096833033383j)
31,12,(-0.07036733521268665-0.17940827137102905j)
31,13,(-0.24976792154193733-0.05616113434703676j)
31,14,(0.005784036092879602-0.19205881168043495j)
31,15,(-0.12111528939033883-0.1889501840186431j)
31,16,(0.031050271108152346-0.18529309191799087j)
31,17,(0.11223942394952406-0.09744548216404327j)
31,18,(-0.04846022300592998-0.3281456369173873j)
31,19,(0.19726003404174283+0.12502453870666427j)
31,20,(0.3167984428660158-0.21105488940613423j)
31,21,(-0.1372177735267574+0.040504857472569766j)
31,22,(0.5063132842221354+0.07311688604196974j)
31,23,(0.08867792288532958-0.16770287352156696j)
31,24,(0.2092587209379262+0.3345797114088513j)
31,25,(0.42320841081008354-0.13632724021158488j)
31,26,(0.20239995255052995-0.023765203279782026j)
31,27,(0.0671274757776716+0.17918659286170657j)
31,28,(0.6772791813601575+0.1878358125737545j)
31,29,(-0.07631477691467116-0.564270829399496j)
31,30,(-0.38570740476021403-0.013450730760991857j)
31,31,(-0.4282177703212182-0.1697992505164799j)
32,-32,(-0.34159494254302286-0.13807386787369014j)
32,-31,(-0.6029179306202694+0.04150634550772965j)
32,-30,(0.18766261302974627-0.7491604384187063j)
32,-29,(-0.1271197827428307+0.5945954296811817j)
32,-28,(-0.4416348439893927-0.20420040330115152j)
32,-27,(-0.4319654666188019+0.03128116141741868j)
32,-26,(-0.3271491966132163-0.5516819753637845j)
32,-25,(0.15909077359778442+0.03390802602262575j)
32,-24,(0.13095700517875844-0.17595474709030173j)
32,-23,(-0.03358142974411509+0.22583555474219022j)
32,-22,(-0.04624926883045716-0.12868037400109986j)
32,-21,(-0.17834607562246788+0.04708687045712977j)
32,-20,(-0.18568908254995908-0.25348830023230734j)
32,-19,(-0.0544038423838705-0.16296691494704846j)
32,-18,(0.10418252433093025-0.2248769836823941j)
32,-17,(0.0412365294888547-0.09270466646459499j)
32,-16,(0.10391401601465995-0.022353177287190263j)
32,-15,(0.06700557141765072-0.041825577593524954j)
32,-14,(0.12468427424702301+0.06843864758551567j)
32,-13,(-0.0853941855755244-0.05143669267468627j)
32,-12,(0.043112279696153784+0.12328910898945308j)
32,-11,(-0.07517069500005989-0.0009688287683516161j)
32,-10,(-0.06999731074344354+0.009402603913925894j)
32,-9,(-0.002856054230556995-0.05266631965133721j)
32,-8,(-0.0943891574509291+0.12714140682943104j)
32,-7,(0.1238475993608537+0.16658689976635252j)
32,-6,(-0.08493541670769493-0.08539602612481592j)
32,-5,(0.0020474121472423114+0.05593186946951995j)
32,-4,(-0.04206691806807957-0.06872280367786228j)
32,-3,(0.04924660482357852+0.18352411222270743j)
32,-2,(-0.07428983824511896-0.04092407978535606j)
32,-1,(0.027269414467504704+0.07588868760780228j)
32,0,(0.10421592258411161+0j)
32,1,(-0.027269414467504707+0.07588868760780229j)
32,2,(-0.07428983824511896+0.04092407978535607j)
32,3,(-0.049246604823578496+0.1835241122227074j)
32,4,(-0.042066918068079585+0.06872280367786229j)
32,5,(-0.002047412147242322+0.05593186946951995j)
32,6,(-0.08493541670769496+0.08539602612481594j)
32,7,(-0.12384759936085374+0.16658689976635252j)
32,8,(-0.0943891574509291-0.12714140682943104j)
32,9,(0.0028560542305569835-0.05266631965133721j)
32,10,(-0.06999731074344354-0.009402603913925892j)
32,11,(0.07517069500005989-0.0009688287683516212j)
32,12,(0.043112279696153784-0.1232891089894531j)
32,13,(0.08539418557552443-0.051436692674686285j)
32,14,(0.12468427424702305-0.06843864758551567j)
32,15,(-0.06700557141765077-0.04182557759352495j)
32,16,(0.10391401601466004+0.022353177287190263j)
32,17,(-0.041236529488854715-0.09270466646459502j)
32,18,(0.10418252433093025+0.2248769836823941j)
32,19,(0.054403842383870506-0.16296691494704849j)
32,20,(-0.1856890825499591+0.2534883002323073j)
32,21,(0.17834607562246788+0.04708687045712976j)
32,22,(-0.04624926883045715+0.1286803740010999j)
32,23,(0.03358142974411511+0.22583555474219014j)
32,24,(0.13095700517875847+0.1759547470903018j)
32,25,(-0.15909077359778442+0.03390802602262577j)
32,26,(-0.32714919661321634+0.5516819753637845j)
32,27,(0.431965466618802+0.031281161417418726j)
32,28,(-0.4416348439893928+0.20420040330115152j)
32,29,(0.12711978274283076+0.5945954296811818j)
32,30,(0.1876626130297462+0.7491604384187065j)
32,31,(0.6029179306202697+0.04150634550772964j)
32,32,(-0.341594942543023+0.1380738678736902j)
33,-33,(-0.3435300766757639+0.3826572422312072j)
33,-32,(0.07455129618686328-0.11841135821749176j)
33,-31,(0.3694880711080878+0.2239365012009941j)
33,-30,(-0.3244559593909742+0.8264156372682979j)
33,-29,(-0.2843761309166374-0.23964743644300196j)
33,-28,(-0.08416097757308406+0.3707074498817374j)
33,-27,(0.22734246116315496-0.3191911001454396j)
33,-26,(0.011698382100467442+0.545141912400483j)
33,-25,(0.10257455684477718+0.014874626345850682j)
33,-24,(-0.3456013448298423+0.3268441727639238j)
33,-23,(-0.055720330547359864-0.1085709727243949j)
33,-22,(-0.4650054707660716+0.013093694673140619j)
33,-21,(0.1723093736566653-0.2660508753778472j)
33,-20,(-0.27323290193248806-0.08182726529722134j)
33,-19,(0.2617972243787776+0.00012739784162343537j)
33,-18,(-0.15753056299099952-0.022850004643832716j)
33,-17,(0.19557692659479903+0.24434938578703394j)
33,-16,(-0.17425421984617437-0.030544721872467814j)
33,-15,(-0.12190503157510955+0.06952750897312815j)
33,-14,(-0.15825812664664998-0.2575405735197093j)
33,-13,(-0.037348162175117404-0.03710303986254263j)
33,-12,(0.1734713137629132-0.24795955301595984j)
33,-11,(-0.049488691653873026-0.06672256044134302j)
33,-10,(0.1879133226205111-0.028315086976779733j)
33,-9,(-0.00943844741013757-0.07006862379109546j)
33,-8,(0.24299034133756214+0.0462047191015298j)
33,-7,(-0.0623621278836078-0.09472438007076772j)
33,-6,(0.11687976056820948+0.1821622108493425j)
33,-5,(0.01788553772570399-0.043511925984871094j)
33,-4,(0.07276337448599207-0.004704914363262505j)
33,-3,(0.052712274156361906-0.12962908378125854j)
33,-2,(0.06567523330284857+0.05390690941224494j)
33,-1,(0.04458977748397544+0.06805322923637493j)
33,0,(0.09481696504279588+0j)
33,1,(-0.04458977748397543+0.06805322923637491j)
33,2,(0.06567523330284855-0.05390690941224494j)
33,3,(-0.05271227415636189-0.12962908378125854j)
33,4,(0.07276337448599209+0.004704914363262505j)
33,5,(-0.017885537725704-0.043511925984871094j)
33,6,(0.11687976056820948-0.18216221084934256j)
33,7,(0.06236212788360783-0.09472438007076776j)
33,8,(0.24299034133756212-0.04620471910152979j)
33,9,(0.009438447410137576-0.07006862379109545j)
33,10,(0.18791332262051103+0.028315086976779712j)
33,11,(0.04948869165387306-0.066722560441343j)
33,12,(0.17347131376291322+0.24795955301595982j)
33,13,(0.03734816217511744-0.037103039862542625j)
33,14,(-0.15825812664664998+0.2575405735197093j)
33,15,(0.12190503157510955+0.06952750897312812j)
33,16,(-0.17425421984617437+0.030544721872467824j)
33,17,(-0.19557692659479903+0.24434938578703394j)
33,18,(-0.1575305629909995+0.0228500046438327j)
33,19,(-0.26179722437877756+0.00012739784162344575j)
33,20,(-0.2732329019324881+0.08182726529722131j)
33,21,(-0.17230937365666532-0.2660508753778472j)
33,22,(-0.4650054707660717-0.013093694673140598j)
33,23,(0.05572033054735988-0.10857097272439489j)
33,24,(-0.3456013448298422-0.32684417276392363j)
33,25,(-0.10257455684477716+0.014874626345850678j)
33,26,(0.011698382100467445-0.5451419124004829j)
33,27,(-0.22734246116315496-0.31919110014543955j)
33,28,(-0.08416097757308409-0.3707074498817376j)
33,29,(0.2843761309166373-0.23964743644300196j)
33,30,(-0.32445595939097427-0.826415637268298j)
33,31,(-0.369488071108088+0.2239365012009942j)
33,32,(0.07455129618686325+0.1184113582174917j)
33,33,(0.3435300766757639+0.3826572422312072j)
34,-34,(0.3243397388061794+0.06927733643403011j)
34,-33,(0.4231802998106455-0.4882970833118624j)
34,-32,(0.31916822627857944+0.7351304239335554j)
34,-31,(-0.3780942178689102-0.2531336639753926j)
34,-30,(0.32398526104091957-0.12242292837709626j)
34,-29,(0.2684197778408052-0.10642922950359784j)
34,-28,(0.41489643376155527+0.06751921442246223j)
34,-27,(-0.031103730873514666+0.19396983571964474j)
34,-26,(0.09022250847522639+0.10626451903911938j)
34,-25,(-0.19872076112199777-0.024243747981438312j)
34,-24,(0.03930031783747762-0.08285781908118332j)
34,-23,(0.032343934677226904-0.023709725184691718j)
34,-22,(0.2527374400710407-0.039450937543823894j)
34,-21,(-0.04121167809519101-0.002745215835564392j)
34,-20,(0.17630864176469493+0.21047571600880483j)
34,-19,(-0.11771837413740989+0.20608826242211464j)
34,-18,(0.01662376589020169+0.17687901793703406j)
34,-17,(-0.16205672349078082+0.06036084127291736j)
34,-16,(-0.08512139360563133+0.05627324038920018j)
34,-15,(0.007980576623327431-0.11510096552149159j)
34,-14,(-0.0848291926454027+0.07782110471237659j)
34,-13,(0.1352380319504039-0.08922932076304736j)
34,-12,(-0.0640051886497641+0.07135843166402082j)
34,-11,(0.08939242365922775+0.05562938799949385j)
34,-10,(-0.1200495844991403+0.011351444302863441j)
34,-9,(0.04047578779716509+0.039928434106083315j)
34,-8,(-0.1550001205335423-0.0965746198896406j)
34,-7,(-0.019649524606337433-0.03305932058270623j)
34,-6,(-0.04585945048568574-0.0326475418522427j)
34,-5,(-0.10127348661104695-0.13209231280668826j)
34,-4,(0.043621566623862615+0.003383737946247845j)
34,-3,(0.010198575437448034-0.05752032306155849j)
34,-2,(0.01751093926514618-0.06983091163921822j)
34,-1,(-0.07323559648262219-0.12692978031691723j)
34,0,(-0.11062470005144011+0j)
34,1,(0.0732355964826222-0.1269297803169172j)
34,2,(0.01751093926514619+0.06983091163921822j)
34,3,(-0.010198575437448024-0.057520323061558506j)
34,4,(0.043621566623862594-0.00338373794624783j)
34,5,(0.10127348661104695-0.13209231280668826j)
34,6,(-0.04585945048568576+0.03264754185224271j)
34,7,(0.01964952460633743-0.03305932058270621j)
34,8,(-0.1550001205335423+0.0965746198896406j)
34,9,(-0.04047578779716507+0.03992843410608333j)
34,10,(-0.12004958449914026-0.011351444302863452j)
34,11,(-0.08939242365922774+0.05562938799949382j)
34,12,(-0.06400518864976408-0.07135843166402082j)
34,13,(-0.13523803195040393-0.08922932076304736j)
34,14,(-0.08482919264540274-0.07782110471237663j)
34,15,(-0.007980576623327447-0.11510096552149159j)
34,16,(-0.08512139360563131-0.05627324038920016j)
34,17,(0.16205672349078085+0.06036084127291735j)
34,18,(0.0166237658902017-0.17687901793703403j)
34,19,(0.11771837413740993+0.20608826242211467j)
34,20,(0.17630864176469493-0.2104757160088049j)
34,21,(0.04121167809519101-0.0027452158355643717j)
34,22,(0.2527374400710407+0.03945093754382392j)
34,23,(-0.032343934677226904-0.023709725184691718j)
34,24,(0.03930031783747765+0.08285781908118332j)
34,25,(0.19872076112199763-0.024243747981438336j)
34,26,(0.09022250847522639-0.10626451903911938j)
34,27,(0.031103730873514687+0.19396983571964477j)
34,28,(0.41489643376155527-0.0675192144224622j)
34,29,(-0.2684197778408052-0.10642922950359784j)
34,30,(0.32398526104091957+0.12242292837709631j)
34,31,(0.37809421786891-0.2531336639753926j)
34,32,(0.3191682262785793-0.7351304239335554j)
34,33,(-0.4231802998106453-0.4882970833118621j)
34,34,(0.3243397388061795-0.06927733643403014j)
35,-35,(0.014295506176296898-0.5941295293533969j)
35,-34,(-0.033883581500164996+0.021896110892139675j)
35,-33,(-0.21364495663915078+0.08939000745725098j)
35,-32,(-0.3970026250886492-0.8908347114959148j)
35,-31,(0.5370480627701777-0.012364563680177984j)
35,-30,(-0.10181882623297131-0.40683877664497525j)
35,-29,(0.04567871514660656+0.18399553161205615j)
35,-28,(-0.332022347277611-0.36642028460244136j)
35,-27,(-0.11051904797022036+0.08641965112703547j)
35,-26,(-0.09085406926161547-0.5446545404340362j)
35,-25,(0.1947516673432663+0.05649582651473239j)
35,-24,(0.23562415285061764-0.33173570116667106j)
35,-23,(0.05110710338964188+0.1846525850025211j)
35,-22,(0.23722704405296885-0.10161564271383966j)
35,-21,(-0.16302013925173625+0.1791100378406188j)
35,-20,(0.0016678201045907826-0.16971872123894202j)
35,-19,(-0.09552394486979728-0.013171568283640099j)
35,-18,(0.22750187527243562-0.06817205310707337j)
35,-17,(0.008824435712113731-0.07010605624439761j)
35,-16,(0.2285985584981192+0.015375616373962918j)
35,-15,(0.08557829074490607-0.02334372613447723j)
35,-14,(0.08740367288493807+0.13139761597523555j)
35,-13,(-0.02741865543088964+0.010186399366134741j)
35,-12,(-0.006555608566438057+0.16214634911790457j)
35,-11,(0.05034690645043408+0.04594218674485732j)
35,-10,(-0.17598818338032957+0.08068370128856889j)
35,-9,(-0.004763970114769258-0.04046381333513885j)
35,-8,(-0.19975682946475803-0.05218470389674831j)
35,-7,(0.11682129034386242+0.06658429745092799j)
35,-6,(-0.04893641201988518-0.08673236233547944j)
35,-5,(0.047703836122245914+0.13737802131788848j)
35,-4,(-0.08778359391333874-0.11788003101743216j)
35,-3,(0.01405347312634462+0.07914727526525014j)
35,-2,(0.029599939598450566-0.11565843562980314j)
35,-1,(0.06611165291279525-0.05245852617772353j)
35,0,(-0.03043847853230387+0j)
35,1,(-0.06611165291279525-0.05245852617772351j)
35,2,(0.02959993959845057+0.11565843562980314j)
35,3,(-0.014053473126344614+0.07914727526525016j)
35,4,(-0.08778359391333877+0.11788003101743215j)
35,5,(-0.047703836122245935+0.13737802131788848j)
35,6,(-0.04893641201988517+0.08673236233547946j)
35,7,(-0.1168212903438624+0.06658429745092798j)
35,8,(-0.19975682946475803+0.05218470389674832j)
35,9,(0.004763970114769247-0.04046381333513885j)
35,10,(-0.17598818338032957-0.08068370128856889j)
35,11,(-0.050346906450434076+0.04594218674485729j)
35,12,(-0.006555608566438052-0.16214634911790451j)
35,13,(0.02741865543088964+0.010186399366134725j)
35,14,(0.08740367288493807-0.13139761597523558j)
35,15,(-0.08557829074490611-0.02334372613447724j)
35,16,(0.22859855849811916-0.015375616373962899j)
35,17,(-0.008824435712113747-0.07010605624439761j)
35,18,(0.22750187527243568+0.06817205310707337j)
35,19,(0.09552394486979736-0.01317156828364009j)
35,20,(0.0016678201045907774+0.16971872123894208j)
35,21,(0.16302013925173622+0.17911003784061877j)
35,22,(0.23722704405296882+0.10161564271383965j)
35,23,(-0.05110710338964189+0.18465258500252113j)
35,24,(0.23562415285061755+0.3317357011666709j)
35,25,(-0.1947516673432663+0.05649582651473237j)
35,26,(-0.09085406926161546+0.544654540434036j)
35,27,(0.11051904797022037+0.08641965112703547j)
35,28,(-0.33202234727761104+0.3664202846024414j)
35,29,(-0.04567871514660656+0.18399553161205626j)
35,30,(-0.10181882623297138+0.40683877664497536j)
35,31,(-0.5370480627701776-0.012364563680177982j)
35,32,(-0.39700262508864914+0.8908347114959144j)
35,33,(0.21364495663915087+0.089390007457251j)
35,34,(-0.03388358150016504-0.02189611089213968j)
35,35,(-0.014295506176296904-0.594129529353397j)
36,-36,(-0.45611775319854636+0.13137056456898738j)
36,-35,(-0.08045529965021037+0.61242303587252j)
36,-34,(-0.815893771979436-0.2459129304202233j)
36,-33,(0.32676077411839105-0.2502946510979468j)
36,-32,(0.0337188690416326+0.4074884973567603j)
36,-31,(-0.3081015199785671+0.12681936361464644j)
36,-30,(-0.27695211329532887+0.300831762266783j)
36,-29,(-0.324750734343998-0.265517986345383j)
36,-28,(0.01034234188422993-0.07588264975499925j)
36,-27,(-0.06017070851612015-0.2992885928142136j)
36,-26,(0.025961221789322055+0.29074458432686234j)
36,-25,(0.02836131858104795-0.16701962393595393j)
36,-24,(-0.2407093658670256+0.2437145739197027j)
36,-23,(-0.15427166512421392-0.23496523261962643j)
36,-22,(-0.30880266172620396+0.028704322383759605j)
36,-21,(-0.07324042872990022-0.2136283167545016j)
36,-20,(-0.12741510094970615-0.1139729214842509j)
36,-19,(0.25649443518970566-0.27505949744005664j)
36,-18,(-0.07316103277339393-0.11653841217444691j)
36,-17,(0.17862443562279742+0.1051421236951853j)
36,-16,(0.02573109793801113-0.012649463967661763j)
36,-15,(0.035482364461228426+0.1627884020432027j)
36,-14,(-0.05193557761773588-0.1463482617311674j)
36,-13,(0.017912769486791456+0.0741390765113374j)
36,-12,(-0.03187765728383862-0.11953791302425446j)
36,-11,(-0.07928417981125871-0.002648040540130814j)
36,-10,(0.09371965717670984-0.0398245807163436j)
36,-9,(0.015450393162695605+0.018571101651431852j)
36,-8,(0.16040661500886477+0.13099315033145723j)
36,-7,(-0.009126305099795595+0.016456637569134753j)
36,-6,(0.12654091499494766+0.10297261753908284j)
36,-5,(0.02661377750018943+0.005638978130018617j)
36,-4,(0.06214938103122406-0.0031402897532134483j)
36,-3,(-0.011183093280441113+0.022579164746920986j)
36,-2,(-0.02133783612701609+0.003955510518249096j)
36,-1,(0.061033411769740184+0.06701829701519157j)
36,0,(-0.01177508846681605+0j)
36,1,(-0.06103341176974019+0.0670182970151916j)
36,2,(-0.0213378361270161-0.003955510518249114j)
36,3,(0.011183093280441097+0.022579164746920986j)
36,4,(0.06214938103122404+0.0031402897532134587j)
36,5,(-0.02661377750018945+0.0056389781300186246j)
36,6,(0.12654091499494768-0.10297261753908281j)
36,7,(0.009126305099795604+0.016456637569134763j)
36,8,(0.16040661500886477-0.13099315033145723j)
36,9,(-0.01545039316269562+0.01857110165143182j)
36,10,(0.09371965717670983+0.03982458071634359j)
36,11,(0.07928417981125871-0.002648040540130832j)
36,12,(-0.03187765728383864+0.11953791302425444j)
36,13,(-0.017912769486791484+0.07413907651133737j)
36,14,(-0.05193557761773586+0.1463482617311674j)
36,15,(-0.03548236446122844+0.1627884020432027j)
36,16,(0.025731097938011142+0.012649463967661732j)
36,17,(-0.17862443562279742+0.10514212369518532j)
36,18,(-0.07316103277339395+0.11653841217444691j)
36,19,(-0.2564944351897058-0.27505949744005675j)
36,20,(-0.12741510094970615+0.1139729214842509j)
36,21,(0.07324042872990023-0.2136283167545016j)
36,22,(-0.308802661726204-0.02870432238375962j)
36,23,(0.1542716651242139-0.23496523261962637j)
36,24,(-0.24070936586702554-0.24371457391970267j)
36,25,(-0.028361318581047953-0.16701962393595388j)
36,26,(0.025961221789322055-0.29074458432686234j)
36,27,(0.0601707085161201-0.29928859281421355j)
36,28,(0.010342341884229982+0.07588264975499925j)
36,29,(0.3247507343439981-0.265517986345383j)
36,30,(-0.2769521132953289-0.3008317622667831j)
36,31,(0.3081015199785671+0.12681936361464644j)
36,32,(0.0337188690416326-0.4074884973567603j)
36,33,(-0.32676077411839105-0.25029465109794674j)
36,34,(-0.8158937719794359+0.2459129304202233j)
36,35,(0.08045529965021037+0.6124230358725201j)
36,36,(-0.4561177531985463-0.13137056456898738j)
37,-37,(0.17476522867073593+0.5057879129131905j)
37,-36,(0.07434941792110727+0.14060086684845932j)
37,-35,(-0.07188819987174452-0.3775673847171803j)
37,-34,(0.7860429997040776+0.3999836486938466j)
37,-33,(-0.47402181522601267+0.4020172807528021j)
37,-32,(0.2858619184069695+0.08936265460027462j)
37,-31,(-0.341535466235939-0.11550679873787437j)
37,-30,(0.4124568721136511+0.02638418383599515j)
37,-29,(0.027390048321113962-0.016814205650329775j)
37,-28,(0.2996473462274723+0.2773355837164509j)
37,-27,(-0.11000483806431974+0.13685532877681042j)
37,-26,(-0.08195135077037825+0.22825876785213225j)
37,-25,(-0.1751363704617381-0.006389632319205223j)
37,-24,(-0.09032059466299729+0.02050960332353269j)
37,-23,(-0.057891434167292616-0.14062457126381123j)
37,-22,(0.0938003659763673+0.06482759271095957j)
37,-21,(0.10361935254167046-0.0073170346819041235j)
37,-20,(-0.08902859506893776+0.12500580786215676j)
37,-19,(0.023328842134927193+0.08390260843316098j)
37,-18,(-0.2003168947815181+0.24983987090078305j)
37,-17,(-0.06892297330937427-0.16704388652900257j)
37,-16,(-0.13881907178074773+0.03249419834618754j)
37,-15,(-0.0838197775236028-0.09317417029884935j)
37,-14,(-0.12633977314572079-0.027170596117952646j)
37,-13,(0.11664988704597705-0.10509498417229303j)
37,-12,(0.004641226147763056-0.07901988053263745j)
37,-11,(0.06842838963275577+0.02161728373313217j)
37,-10,(0.028056903220361702-0.09692060328389358j)
37,-9,(0.005706445874125693+0.0062195426639776044j)
37,-8,(0.0028408607281919162-0.10333278040042891j)
37,-7,(-0.07975544680828506-0.10992544024638556j)
37,-6,(0.09374506674883909+0.013021529395142154j)
37,-5,(-0.03509916310581975-0.05038596936195868j)
37,-4,(0.0835349206327366-0.06201548366303691j)
37,-3,(-0.015429491708660547-0.10525660832690723j)
37,-2,(-0.05683699096376165+0.10898796643865417j)
37,-1,(-0.036547560865720974-0.11986692321500318j)
37,0,(0.050591386410126976+0j)
37,1,(0.036547560865720995-0.11986692321500318j)
37,2,(-0.05683699096376165-0.1089879664386542j)
37,3,(0.015429491708660542-0.10525660832690718j)
37,4,(0.08353492063273656+0.06201548366303693j)
37,5,(0.035099163105819745-0.0503859693619587j)
37,6,(0.09374506674883909-0.013021529395142154j)
37,7,(0.07975544680828502-0.10992544024638552j)
37,8,(0.002840860728191937+0.10333278040042891j)
37,9,(-0.005706445874125677+0.0062195426639775914j)
37,10,(0.028056903220361702+0.09692060328389358j)
37,11,(-0.0684283896327558+0.02161728373313219j)
37,12,(0.004641226147763056+0.07901988053263746j)
37,13,(-0.11664988704597705-0.10509498417229303j)
37,14,(-0.12633977314572076+0.027170596117952667j)
37,15,(0.0838197775236028-0.09317417029884935j)
37,16,(-0.13881907178074773-0.032494198346187546j)
37,17,(0.06892297330937432-0.16704388652900265j)
37,18,(-0.2003168947815181-0.24983987090078305j)
37,19,(-0.02332884213492719+0.08390260843316098j)
37,20,(-0.08902859506893776-0.12500580786215676j)
37,21,(-0.10361935254167046-0.007317034681904082j)
37,22,(0.09380036597636726-0.06482759271095959j)
37,23,(0.057891434167292595-0.1406245712638112j)
37,24,(-0.09032059466299726-0.02050960332353269j)
37,25,(0.1751363704617381-0.006389632319205231j)
37,26,(-0.08195135077037825-0.22825876785213225j)
37,27,(0.11000483806431975+0.13685532877681042j)
37,28,(0.2996473462274723-0.27733558371645095j)
37,29,(-0.027390048321113972-0.01681420565032979j)
37,30,(0.41245687211365095-0.026384183835995202j)
37,31,(0.341535466235939-0.11550679873787437j)
37,32,(0.2858619184069695-0.08936265460027464j)
37,33,(0.47402181522601267+0.4020172807528022j)
37,34,(0.7860429997040776-0.3999836486938466j)
37,35,(0.07188819987174452-0.3775673847171802j)
37,36,(0.07434941792110727-0.1406008668484593j)
37,37,(-0.17476522867073593+0.5057879129131905j)
38,-38,(0.34989098767382876-0.2426387090092331j)
38,-37,(-0.341461428880188-0.45820549337709326j)
38,-36,(0.6356792330228506-0.2633940092803125j)
38,-35,(0.3346741789974809+0.3047399968586884j)
38,-34,(-0.4230473569606135-0.1410919749548973j)
38,-33,(0.15350922368523617-0.29428728891921274j)
38,-32,(-0.10983220155499493-0.2903629500208138j)
38,-31,(0.6195603774012458-0.06731788977190285j)
38,-30,(0.0028576421322376883+0.09422357661249002j)
38,-29,(0.2960230504424767+0.22991399885201647j)
38,-28,(-0.2446623703573222-0.11677555384281457j)
38,-27,(0.16180507456886004+0.1456492055252464j)
38,-26,(-0.08077409745878593-0.4263489449375598j)
38,-25,(0.28829360681094185+0.11274295697880396j)
38,-24,(0.07786285918342033-0.25536318511719347j)
38,-23,(0.20860618839522307+0.3405612143370706j)
38,-22,(0.14300984361784252-0.03714090441766891j)
38,-21,(-0.15503048963956617+0.3568229701977144j)
38,-20,(-0.029372731272652348+0.014018292491873746j)
38,-19,(-0.17902442919203132+0.19495750902442774j)
38,-18,(0.14418397634564584+0.01700145482341996j)
38,-17,(-0.26720028086143055+0.03719878739713714j)
38,-16,(0.10237460370618931+0.03859224888017362j)
38,-15,(-0.11535359863480148-0.018315483969921477j)
38,-14,(0.09234496536640631+0.2136030594304003j)
38,-13,(-0.02280533282823913-0.0053147776778680435j)
38,-12,(0.009915656773106022+0.20639399447759788j)
38,-11,(-0.04596307574435048-0.01297870714196732j)
38,-10,(-0.17384301624971718+0.0023113282361128403j)
38,-9,(-0.004055979973107564-0.038322817366323134j)
38,-8,(-0.2318791110530307-0.0978802110426488j)
38,-7,(-0.00669974865231435+0.09421131358438224j)
38,-6,(-0.0411148672548717-0.051010269961189854j)
38,-5,(0.02527562341541465-0.01695694007761268j)
38,-4,(-0.10362213379145373-0.04700652131466122j)
38,-3,(-0.01385756711604565+0.058720106755357916j)
38,-2,(-0.07728811129879481-0.1686949297172806j)
38,-1,(-0.05190535265967281+1.1493705581883386e-05j)
38,0,(-0.030370992763901674+0j)
38,1,(0.05190535265967283+1.1493705581904115e-05j)
38,2,(-0.0772881112987948+0.1686949297172806j)
38,3,(0.01385756711604563+0.05872010675535791j)
38,4,(-0.10362213379145373+0.04700652131466122j)
38,5,(-0.025275623415414658-0.016956940077612684j)
38,6,(-0.0411148672548717+0.051010269961189854j)
38,7,(0.006699748652314298+0.09421131358438226j)
38,8,(-0.2318791110530307+0.09788021104264881j)
38,9,(0.004055979973107556-0.0383228173663231j)
38,10,(-0.17384301624971724-0.0023113282361128455j)
38,11,(0.0459630757443505-0.012978707141967331j)
38,12,(0.009915656773106022-0.2063939944775979j)
38,13,(0.022805332828239114-0.005314777677868033j)
38,14,(0.0923449653664063-0.2136030594304003j)
38,15,(0.11535359863480148-0.01831548396992147j)
38,16,(0.10237460370618935-0.03859224888017364j)
38,17,(0.2672002808614306+0.03719878739713712j)
38,18,(0.1441839763456459-0.01700145482341996j)
38,19,(0.17902442919203126+0.19495750902442774j)
38,20,(-0.029372731272652334-0.014018292491873722j)
38,21,(0.15503048963956617+0.3568229701977145j)
38,22,(0.1430098436178425+0.037140904417668895j)
38,23,(-0.2086061883952231+0.3405612143370706j)
38,24,(0.07786285918342034+0.25536318511719347j)
38,25,(-0.2882936068109419+0.11274295697880396j)
38,26,(-0.08077409745878594+0.42634894493756j)
38,27,(-0.16180507456886+0.14564920552524638j)
38,28,(-0.24466237035732225+0.11677555384281454j)
38,29,(-0.2960230504424766+0.22991399885201638j)
38,30,(0.002857642132237655-0.09422357661249005j)
38,31,(-0.6195603774012458-0.06731788977190285j)
38,32,(-0.10983220155499494+0.2903629500208138j)
38,33,(-0.1535092236852362-0.2942872889192128j)
38,34,(-0.42304735696061346+0.1410919749548973j)
38,35,(-0.3346741789974808+0.3047399968586883j)
38,36,(0.6356792330228506+0.2633940092803125j)
38,37,(0.34146142888018804-0.45820549337709326j)
38,38,(0.34989098767382865+0.2426387090092331j)
39,-39,(-0.4059678628252405-0.17418903583628573j)
39,-38,(-0.4050191043554294-0.049645522227331186j)
39,-37,(0.4572794733683098-0.0050295429800155216j)
39,-36,(-0.6843163023660624+0.3216238611370664j)
39,-35,(-0.16843569583613663-0.5477434765269119j)
39,-34,(-0.17199766563758304-0.15337840153687435j)
39,-33,(0.23823764329849423-0.19213627313219336j)
39,-32,(-0.16417862795566304+0.18394622425519355j)
39,-31,(-0.18905014311588747-0.08922991132964134j)
39,-30,(-0.3322979801184067-0.014508322756336029j)
39,-29,(-0.22762202909645662-0.3047590114884747j)
39,-28,(-0.14890721115898622-0.1467111983518449j)
39,-27,(0.10723582649071302-0.2184895679013865j)
39,-26,(0.06364787914662963+0.009651809851839133j)
39,-25,(0.1528495070189926-0.10773696384540742j)
39,-24,(-0.03803810856132824+0.11312217325090668j)
39,-23,(-0.01480613729072304-0.16074672865352704j)
39,-22,(-0.047209227070310056+0.008414338148195453j)
39,-21,(-0.02927130477489647-0.1295516343032052j)
39,-20,(0.06067600349855927-0.1356804455938368j)
39,-19,(0.21349789170794886-0.10682414466036441j)
39,-18,(0.11805991250354887-0.04978091350875132j)
39,-17,(0.22399388643648385+0.05256547246316109j)
39,-16,(0.14218440937685925+0.08747146636647543j)
39,-15,(-0.007113453923111147+0.11748566712539811j)
39,-14,(0.01881993101206457+0.10325246912798457j)
39,-13,(-0.06998574722265859+0.20127441093877635j)
39,-12,(0.10784489680373492+0.084518262276084j)
39,-11,(-0.22006765415311907+0.1286627153808288j)
39,-10,(0.03878738465817829+0.08305724442328224j)
39,-9,(0.03324225910670554-0.029852833020683818j)
39,-8,(0.04240247504876507+0.01991918469380636j)
39,-7,(0.018415891465743864+0.008050848424112555j)
39,-6,(0.04329029771436294+0.03627913098940936j)
39,-5,(-0.03494418983240086+0.02490503419465895j)
39,-4,(-0.12819079820499063+0.021818986089487038j)
39,-3,(0.00738267437602171+0.10665130527650095j)
39,-2,(-0.015512826986243384+0.0035183948483792737j)
39,-1,(-0.013449934456233732+0.1489256801198185j)
39,0,(-0.004286600484578181+0j)
39,1,(0.013449934456233747+0.14892568011981847j)
39,2,(-0.015512826986243369-0.003518394848379271j)
39,3,(-0.007382674376021715+0.10665130527650099j)
39,4,(-0.12819079820499063-0.021818986089487027j)
39,5,(0.03494418983240089+0.02490503419465895j)
39,6,(0.04329029771436292-0.036279130989409346j)
39,7,(-0.018415891465743822+0.008050848424112555j)
39,8,(0.04240247504876508-0.01991918469380636j)
39,9,(-0.03324225910670552-0.029852833020683808j)
39,10,(0.038787384658178284-0.08305724442328226j)
39,11,(0.22006765415311905+0.1286627153808288j)
39,12,(0.10784489680373492-0.08451826227608397j)
39,13,(0.06998574722265861+0.20127441093877635j)
39,14,(0.018819931012064584-0.10325246912798454j)
39,15,(0.007113453923111163+0.11748566712539811j)
39,16,(0.14218440937685925-0.08747146636647546j)
39,17,(-0.22399388643648394+0.05256547246316111j)
39,18,(0.11805991250354887+0.049780913508751336j)
39,19,(-0.21349789170794886-0.10682414466036441j)
39,20,(0.060676003498559256+0.13568044559383668j)
39,21,(0.029271304774896468-0.1295516343032052j)
39,22,(-0.04720922707031003-0.008414338148195453j)
39,23,(0.014806137290723028-0.16074672865352704j)
39,24,(-0.03803810856132822-0.11312217325090668j)
39,25,(-0.15284950701899266-0.10773696384540742j)
39,26,(0.06364787914662963-0.009651809851839157j)
39,27,(-0.10723582649071295-0.21848956790138643j)
39,28,(-0.14890721115898617+0.14671119835184485j)
39,29,(0.22762202909645662-0.3047590114884747j)
39,30,(-0.3322979801184066+0.014508322756335998j)
39,31,(0.18905014311588741-0.08922991132964134j)
39,32,(-0.16417862795566307-0.18394622425519355j)
39,33,(-0.23823764329849428-0.19213627313219342j)
39,34,(-0.17199766563758304+0.15337840153687435j)
39,35,(0.16843569583613655-0.5477434765269117j)
39,36,(-0.6843163023660623-0.3216238611370664j)
39,37,(-0.4572794733683099-0.005029542980015516j)
39,38,(-0.40501910435542937+0.04964552222733122j)
39,39,(0.40596786282524067-0.17418903583628573j)
40,-40,(-0.2524750393857327+0.4279135581115859j)
40,-39,(0.3074700628800982+0.1526290305757797j)
40,-38,(-0.19060721337430256+0.5027536733396385j)
40,-37,(-0.47958216584929825+0.1164447574022993j)
40,-36,(0.321286057048679-0.20820668938371856j)
40,-35,(-0.08809430059129487+0.42044047526718387j)
40,-34,(0.24396620612125022+0.16179426777225994j)
40,-33,(-0.4893922105417187+0.46618402117705027j)
40,-32,(-0.013295014734523672+0.041643129696263444j)
40,-31,(-0.35150087456987117+0.04603010747713785j)
40,-30,(0.17213122216953647-0.15881897061313335j)
40,-29,(-0.1307285191964375+0.1007660505558119j)
40,-28,(0.27526104817464+0.20517862579377494j)
40,-27,(-0.263789995058878+0.0025107383200621896j)
40,-26,(0.0308711929802564+0.22224978443511115j)
40,-25,(-0.3925748245851556-0.17125789339128936j)
40,-24,(-0.08242142085563123+0.08277537273785908j)
40,-23,(-0.21107783198081104-0.29100975946057794j)
40,-22,(0.05532009565077413+0.1203864963532278j)
40,-21,(0.06787027364276879-0.22217772971163294j)
40,-20,(-0.011027414076902064+0.011511986030909627j)
40,-19,(0.22030644221345042-0.17884945700186547j)
40,-18,(-0.1280087600370746+0.2316084607918613j)
40,-17,(0.17723396725247081-0.06398123478103679j)
40,-16,(-0.14418526971031956-0.062460484937349035j)
40,-15,(0.07579199000212605-0.11090133323519615j)
40,-14,(-0.03300769732094445-0.0967766212879633j)
40,-13,(0.10227022081943588-0.10734934531502911j)
40,-12,(0.04694503887604018-0.022108872053869313j)
40,-11,(0.052521467071815986-0.03297661835559351j)
40,-10,(0.12150113810227015-0.09347092286319812j)
40,-9,(0.0077850101816773305+0.026264170760328914j)
40,-8,(0.13397620993548967+0.07119093522785742j)
40,-7,(0.06865059434093247-0.03947961050763559j)
40,-6,(0.15128548325803032+0.11110308803457167j)
40,-5,(-0.0761263344982879-0.07091711838812506j)
40,-4,(0.0757699153655342+0.08203613279801056j)
40,-3,(-0.07424766695316562+0.044357103592083676j)
40,-2,(0.0038972069408943068+0.13070121596976825j)
40,-1,(-0.04344705526019658+0.0760338240565301j)
40,0,(0.08235485031747532+0j)
40,1,(0.04344705526019659+0.0760338240565301j)
40,2,(0.0038972069408942964-0.13070121596976825j)
40,3,(0.0742476669531656+0.04435710359208369j)
40,4,(0.07576991536553418-0.08203613279801056j)
40,5,(0.0761263344982879-0.07091711838812506j)
40,6,(0.15128548325803035-0.1111030880345717j)
40,7,(-0.06865059434093243-0.0394796105076356j)
40,8,(0.13397620993548973-0.07119093522785748j)
40,9,(-0.0077850101816773305+0.026264170760328935j)
40,10,(0.1215011381022701+0.0934709228631981j)
40,11,(-0.052521467071815986-0.032976618355593484j)
40,12,(0.04694503887604018+0.022108872053869334j)
40,13,(-0.10227022081943588-0.10734934531502914j)
40,14,(-0.03300769732094444+0.09677662128796334j)
40,15,(-0.07579199000212608-0.11090133323519619j)
40,16,(-0.14418526971031959+0.06246048493734903j)
40,17,(-0.1772339672524707-0.06398123478103676j)
40,18,(-0.1280087600370746-0.2316084607918613j)
40,19,(-0.22030644221345042-0.1788494570018655j)
40,20,(-0.011027414076902086-0.011511986030909617j)
40,21,(-0.06787027364276879-0.22217772971163285j)
40,22,(0.055320095650774094-0.12038649635322782j)
40,23,(0.21107783198081112-0.29100975946057805j)
40,24,(-0.08242142085563126-0.08277537273785907j)
40,25,(0.3925748245851556-0.17125789339128933j)
40,26,(0.030871192980256368-0.22224978443511106j)
40,27,(0.26378999505887785+0.0025107383200622204j)
40,28,(0.27526104817464-0.20517862579377494j)
40,29,(0.1307285191964375+0.1007660505558119j)
40,30,(0.17213122216953647+0.15881897061313338j)
40,31,(0.3515008745698711+0.04603010747713784j)
40,32,(-0.01329501473452368-0.04164312969626342j)
40,33,(0.48939221054171866+0.4661840211770504j)
40,34,(0.24396620612125025-0.16179426777226j)
40,35,(0.08809430059129489+0.42044047526718387j)
40,36,(0.32128605704867885+0.20820668938371856j)
40,37,(0.4795821658492981+0.11644475740229931j)
40,38,(-0.1906072133743026-0.5027536733396386j)
40,39,(-0.30747006288009815+0.15262903057577967j)
40,40,(-0.25247503938573274-0.42791355811158593j)
41,-41,(0.4489782862864584+0.05566293933367688j)
41,-40,(0.3582618104735781-0.1917894422313283j)
41,-39,(-0.14962214318544417+0.3361660027845575j)
41,-38,(0.16953520576463152-0.605733427299628j)
41,-37,(0.5414539188983424+0.3638379297125555j)
41,-36,(0.11213933802614251+0.13061814645460695j)
41,-35,(0.06446405819890855+0.30342732020748153j)
41,-34,(-0.08424283817172193-0.05391809139617264j)
41,-33,(0.18760091065720624-0.11454772801621524j)
41,-32,(0.213095775392214-0.04994146673043854j)
41,-31,(0.4217995199994125+0.057966263256233094j)
41,-30,(0.03393758973105306+0.2397963472070493j)
41,-29,(0.19783570647571105+0.24442623524623594j)
41,-28,(-0.28339441237731533+0.1712417674480961j)
41,-27,(0.07186919269455966+0.13252441576165913j)
41,-26,(-0.15294061135981019-0.17647105153829093j)
41,-25,(0.14498898624012904-0.03638082598481783j)
41,-24,(-0.05632179645991572-0.23888989533190683j)
41,-23,(0.10339736821201775+0.1896758846137182j)
41,-22,(0.015758781200070408-0.022149868268944405j)
41,-21,(-0.09544565659233692+0.28727161787208255j)
41,-20,(-0.19940147863352733-0.05383349890774025j)
41,-19,(-0.16577545624419163+0.09625465540537119j)
41,-18,(-0.07268662465887205+0.008869202672377981j)
41,-17,(-0.2665009415056416-0.06592876556214179j)
41,-16,(0.019381305619702135-0.05645970373962607j)
41,-15,(-0.04307347213294691-0.16259478287974272j)
41,-14,(-0.013434248533742865+0.04125856554828577j)
41,-13,(-0.06551200851841939-0.0916655663292157j)
41,-12,(-0.09666796744353413+0.002082758582593613j)
41,-11,(-0.017292722289293475-0.058169869768398184j)
41,-10,(-0.04394790139432895+0.01969558239375759j)
41,-9,(0.10143263848261745-0.11645180808349533j)
41,-8,(-0.023101754778590458-0.13502830452494913j)
41,-7,(-0.02463661006071866-0.07673817982184652j)
41,-6,(-0.10741650211952294-0.0819056284362921j)
41,-5,(0.0043002435161797-0.04143821038313523j)
41,-4,(0.047571751173526466-0.0655103880931945j)
41,-3,(0.09570852557514473-0.10227277180788334j)
41,-2,(0.10077358069577427+0.01733596704004718j)
41,-1,(-0.01078404644181956-0.03815457510377371j)
41,0,(0.06132016812257734+0j)
41,1,(0.010784046441819581-0.03815457510377371j)
41,2,(0.10077358069577427-0.01733596704004718j)
41,3,(-0.09570852557514468-0.10227277180788334j)
41,4,(0.04757175117352647+0.06551038809319448j)
41,5,(-0.004300243516179722-0.041438210383135235j)
41,6,(-0.10741650211952294+0.0819056284362921j)
41,7,(0.024636610060718687-0.07673817982184655j)
41,8,(-0.023101754778590448+0.1350283045249491j)
41,9,(-0.10143263848261742-0.11645180808349533j)
41,10,(-0.043947901394328956-0.01969558239375759j)
41,11,(0.017292722289293468-0.05816986976839821j)
41,12,(-0.09666796744353415-0.0020827585825936154j)
41,13,(0.06551200851841943-0.09166556632921574j)
41,14,(-0.013434248533742865-0.04125856554828576j)
41,15,(0.043073472132946954-0.16259478287974274j)
41,16,(0.019381305619702135+0.05645970373962608j)
41,17,(0.2665009415056416-0.06592876556214175j)
41,18,(-0.07268662465887199-0.008869202672377986j)
41,19,(0.16577545624419154+0.09625465540537118j)
41,20,(-0.19940147863352733+0.05383349890774025j)
41,21,(0.09544565659233696+0.28727161787208255j)
41,22,(0.015758781200070404+0.02214986826894442j)
41,23,(-0.10339736821201782+0.18967588461371826j)
41,24,(-0.05632179645991574+0.23888989533190697j)
41,25,(-0.144988986240129-0.036380825984817816j)
41,26,(-0.15294061135981013+0.17647105153829087j)
41,27,(-0.07186919269455962+0.13252441576165916j)
41,28,(-0.2833944123773154-0.1712417674480961j)
41,29,(-0.19783570647571105+0.244426235246236j)
41,30,(0.03393758973105306-0.23979634720704912j)
41,31,(-0.4217995199994125+0.05796626325623307j)
41,32,(0.21309577539221392+0.04994146673043848j)
41,33,(-0.18760091065720624-0.11454772801621527j)
41,34,(-0.08424283817172194+0.05391809139617264j)
41,35,(-0.06446405819890852+0.30342732020748153j)
41,36,(0.11213933802614257-0.13061814645460698j)
41,37,(-0.5414539188983424+0.3638379297125555j)
41,38,(0.16953520576463144+0.6057334272996276j)
41,39,(0.14962214318544417+0.3361660027845575j)
41,40,(0.35826181047357814+0.19178944223132832j)
41,41,(-0.4489782862864584+0.0556629393336769j)
42,-42,(0.05776974557520114-0.5209938949504147j)
42,-41,(-0.20495302886341307+0.039794432700247816j)
42,-40,(-0.33112592763057813-0.32723074763528814j)
42,-39,(0.3010897419817976-0.5284614986648031j)
42,-38,(0.20837229795667295+0.47187092801541625j)
42,-37,(-0.23587785127697283-0.3654485023911248j)
42,-36,(-0.08055890630237575+0.08159280560125191j)
42,-35,(-0.0656071156371382-0.57306547230053j)
42,-34,(0.2266837319514915-0.004258422326962006j)
42,-33,(0.19749578567095452-0.3724043380102084j)
42,-32,(0.07628199756445657+0.22344830891987016j)
42,-31,(-0.07739559720127517-0.23069828129959621j)
42,-30,(-0.2140283335492267+0.10856915132440265j)
42,-29,(0.10868815655266098-0.214142800677799j)
42,-28,(-0.07100689368686837-0.08124471211342925j)
42,-27,(0.29283554182673993-0.12394073281188021j)
42,-26,(0.06268805540278423+0.010513629536513278j)
42,-25,(0.22473019617962856+0.1641949668824713j)
42,-24,(0.043963906977455024+0.0845826079097599j)
42,-23,(0.12984047000564683+0.133879781092761j)
42,-22,(-0.0697282471970534-0.05024021319873361j)
42,-21,(0.028657006588710742+0.06104060107619778j)
42,-20,(0.007855600017552464-0.06259026449384894j)
42,-19,(0.09123583939618198+0.12162458622463188j)
42,-18,(0.11939967481348258-0.19079089307744876j)
42,-17,(-0.01387020586582936+0.18705691685414882j)
42,-16,(0.06736993025065223+0.04411732436006849j)
42,-15,(-0.031199314058990145+0.22070217576961776j)
42,-14,(0.04657227060638252+0.03960547561729917j)
42,-13,(-0.1717786130985484+0.12212398624920161j)
42,-12,(-0.07058357813314683+0.05824735251376489j)
42,-11,(-0.12028102669098034+0.0335512854306289j)
42,-10,(-0.14696115661741724+0.027591939568096708j)
42,-9,(-0.0847133008502695-0.1101879323850663j)
42,-8,(-0.10131999885794536-0.050569428454293214j)
42,-7,(0.014091156137259388+0.02335730912815955j)
42,-6,(-0.12336537151822438-0.030217470821510637j)
42,-5,(0.13224012045181185-0.007814313614940723j)
42,-4,(-0.01629417970859125-0.10748409622365003j)
42,-3,(-0.009685474021883864+0.07251526696351124j)
42,-2,(-0.04869003729658339-0.10556144158796679j)
42,-1,(0.08277199993566044+0.06263335598807657j)
42,0,(-0.1094862095297932+0j)
42,1,(-0.08277199993566042+0.06263335598807655j)
42,2,(-0.04869003729658339+0.10556144158796676j)
42,3,(0.00968547402188387+0.07251526696351124j)
42,4,(-0.01629417970859123+0.10748409622365j)
42,5,(-0.13224012045181183-0.007814313614940725j)
42,6,(-0.12336537151822438+0.030217470821510637j)
42,7,(-0.014091156137259388+0.02335730912815957j)
42,8,(-0.10131999885794538+0.050569428454293214j)
42,9,(0.0847133008502695-0.11018793238506629j)
42,10,(-0.14696115661741724-0.027591939568096698j)
42,11,(0.12028102669098036+0.033551285430628894j)
42,12,(-0.07058357813314683-0.0582473525137649j)
42,13,(0.1717786130985484+0.12212398624920162j)
42,14,(0.04657227060638254-0.03960547561729917j)
42,15,(0.031199314058990166+0.22070217576961776j)
42,16,(0.06736993025065222-0.044117324360068495j)
42,17,(0.01387020586582937+0.1870569168541488j)
42,18,(0.11939967481348258+0.19079089307744876j)
42,19,(-0.09123583939618199+0.12162458622463186j)
42,20,(0.007855600017552464+0.06259026449384895j)
42,21,(-0.02865700658871078+0.0610406010761978j)
42,22,(-0.06972824719705348+0.050240213198733626j)
42,23,(-0.1298404700056468+0.13387978109276105j)
42,24,(0.043963906977455024-0.08458260790975983j)
42,25,(-0.2247301961796286+0.1641949668824713j)
42,26,(0.06268805540278417-0.010513629536513278j)
42,27,(-0.29283554182674-0.12394073281188023j)
42,28,(-0.07100689368686837+0.08124471211342923j)
42,29,(-0.10868815655266097-0.21414280067779898j)
42,30,(-0.21402833354922668-0.10856915132440265j)
42,31,(0.07739559720127509-0.23069828129959605j)
42,32,(0.07628199756445657-0.22344830891987016j)
42,33,(-0.19749578567095447-0.3724043380102083j)
42,34,(0.2266837319514915+0.0042584223269620065j)
42,35,(0.06560711563713818-0.57306547230053j)
42,36,(-0.08055890630237574-0.08159280560125196j)
42,37,(0.2358778512769728-0.3654485023911248j)
42,38,(0.20837229795667295-0.47187092801541625j)
42,39,(-0.3010897419817976-0.5284614986648031j)
42,40,(-0.3311259276305781+0.3272307476352881j)
42,41,(0.204953028863413+0.03979443270024778j)
42,42,(0.05776974557520114+0.5209938949504147j)
43,-43,(-0.37588359233945323+0.19147463096660586j)
43,-42,(-0.1687278654694817+0.44195782993108756j)
43,-41,(-0.1750929935513975-0.38387718938333065j)
43,-40,(0.29950783036800227+0.5214880418842672j)
43,-39,(-0.46465287905525665+0.23486027387360886j)
43,-38,(-0.32823318201151896-0.06337363959560761j)
43,-37,(-0.1375252279845438-0.2013965732047507j)
43,-36,(0.03642061748330346-0.29963209339430846j)
43,-35,(-0.035329958563197754+0.21351140932425103j)
43,-34,(-0.12512737745005995-0.04425289298968194j)
43,-33,(-0.23306969248036502+0.3346250364803189j)
43,-32,(-0.2253830008683378-0.15199091316284147j)
43,-31,(-0.22894876846394954+0.03028073833042138j)
43,-30,(0.09686860564661177-0.3920047241576516j)
43,-29,(-0.15822659316491117-0.0483182081670703j)
43,-28,(0.2880713343662149-0.08106133889517064j)
43,-27,(-0.19628694420333906+0.09113349189187203j)
43,-26,(0.1132904658619693-0.0663450602691078j)
43,-25,(-0.2683942989424977-0.12942749905766998j)
43,-24,(0.18164423702387805+0.0037289290092149844j)
43,-23,(-0.20537598704667245-0.18328197971494214j)
43,-22,(0.136533230414743+0.01657666778868917j)
43,-21,(0.05613708652991746-0.22182018958540003j)
43,-20,(0.04200160657580251+0.05836404983101041j)
43,-19,(0.16584506472932034-0.011909343310923312j)
43,-18,(0.019922811353633656+0.11582493920884485j)
43,-17,(0.10144646086488336+0.022410250568806855j)
43,-16,(-0.07685623096246731+0.043579101342391416j)
43,-15,(0.18537247823323041+0.013067388869130224j)
43,-14,(-0.05515506563159087-0.058910768445950834j)
43,-13,(0.1703740468235202+0.08655682591454332j)
43,-12,(0.023904421270917752-0.02506575454736844j)
43,-11,(0.005006625605184435+0.04507807020380745j)
43,-10,(0.05286480135236859-0.000452064431317592j)
43,-9,(-0.01960335872871327+0.16391375077253997j)
43,-8,(0.113531495185841+0.0034174325622043458j)
43,-7,(-0.17089289068833008+0.006277112130719875j)
43,-6,(0.012551700882832851+0.1596238984980006j)
43,-5,(-0.03159529959365054+0.10727947503272085j)
43,-4,(0.0037605491022183212+0.022762472512218246j)
43,-3,(-0.070927554543842-0.00847194963535258j)
43,-2,(-0.07458513014848506+0.05982084603795398j)
43,-1,(-0.003250868077435794-0.011644985440469734j)
43,0,(-0.022145111340822938+0j)
43,1,(0.003250868077435786-0.011644985440469725j)
43,2,(-0.07458513014848506-0.05982084603795401j)
43,3,(0.070927554543842-0.008471949635352603j)
43,4,(0.003760549102218311-0.022762472512218267j)
43,5,(0.031595299593650504+0.10727947503272087j)
43,6,(0.012551700882832851-0.15962389849800054j)
43,7,(0.17089289068833005+0.006277112130719875j)
43,8,(0.11353149518584102-0.003417432562204356j)
43,9,(0.01960335872871327+0.16391375077253997j)
43,10,(0.052864801352368575+0.0004520644313175648j)
43,11,(-0.0050066256051844275+0.04507807020380749j)
43,12,(0.023904421270917752+0.02506575454736842j)
43,13,(-0.17037404682352017+0.08655682591454333j)
43,14,(-0.055155065631590894+0.05891076844595081j)
43,15,(-0.18537247823323044+0.01306738886913024j)
43,16,(-0.0768562309624673-0.04357910134239141j)
43,17,(-0.10144646086488338+0.02241025056880683j)
43,18,(0.019922811353633656-0.1158249392088448j)
43,19,(-0.16584506472932034-0.011909343310923292j)
43,20,(0.04200160657580247-0.058364049831010414j)
43,21,(-0.05613708652991749-0.22182018958540015j)
43,22,(0.13653323041474313-0.016576667788689176j)
43,23,(0.2053759870466725-0.18328197971494214j)
43,24,(0.18164423702387797-0.0037289290092149584j)
43,25,(0.2683942989424976-0.12942749905766998j)
43,26,(0.11329046586196936+0.06634506026910784j)
43,27,(0.19628694420333906+0.09113349189187203j)
43,28,(0.2880713343662149+0.08106133889517061j)
43,29,(0.1582265931649111-0.0483182081670703j)
43,30,(0.0968686056466117+0.3920047241576514j)
43,31,(0.22894876846394954+0.030280738330421362j)
43,32,(-0.2253830008683377+0.15199091316284144j)
43,33,(0.23306969248036502+0.3346250364803189j)
43,34,(-0.1251273774500599+0.04425289298968195j)
43,35,(0.03532995856319778+0.21351140932425108j)
43,36,(0.03642061748330343+0.2996320933943084j)
43,37,(0.13752522798454384-0.2013965732047507j)
43,38,(-0.32823318201151896+0.06337363959560759j)
43,39,(0.46465287905525654+0.23486027387360886j)
43,40,(0.29950783036800227-0.5214880418842671j)
43,41,(0.1750929935513975-0.38387718938333054j)
43,42,(-0.16872786546948176-0.4419578299310877j)
43,43,(0.37588359233945323+0.19147463096660586j)
44,-44,(0.1955733787511019+0.5003580149435689j)
44,-43,(0.1540558656105627-0.026088025285124633j)
44,-42,(0.24578890140383067+0.0543154966179325j)
44,-41,(0.3054482109755797+0.5759660106852995j)
44,-40,(-0.5938918614630194-0.1449804509976645j)
44,-39,(0.36022896501341006-0.040967482526386184j)
44,-38,(-0.11279863039138417-0.10328830258623928j)
44,-37,(0.36087587654670017+0.4083016569892147j)
44,-36,(-0.15889241350909042+0.18798396904936873j)
44,-35,(0.1834479368873899+0.2703960922323766j)
44,-34,(-0.22862040700672617-0.021595083599253013j)
44,-33,(0.10449226308594306+0.16168508836721468j)
44,-32,(0.007419207545009564-0.030602922780451562j)
44,-31,(0.1760092369632089+0.18749590136630095j)
44,-30,(0.0718089834501922+0.15886487596916765j)
44,-29,(0.07740029580668435+0.2807488339789442j)
44,-28,(-0.1306613605588857+0.03698802643939341j)
44,-27,(-0.14888648804513824+0.1049707376533041j)
44,-26,(-0.2342834368314779-0.021608190584884494j)
44,-25,(-0.19762073721299594-0.05924757231817455j)
44,-24,(0.0009797123695470841-0.06086343376450486j)
44,-23,(-0.08447312034840213-0.0029270315676357865j)
44,-22,(-0.038538190799502665+0.03488383834325273j)
44,-21,(-0.05776839443481561+0.03243038692117541j)
44,-20,(-0.04868529270889199-0.030622885195705836j)
44,-19,(-0.14281089048378717-0.04296125271337645j)
44,-18,(-0.13028599821099826+0.00848912271495998j)
44,-17,(-0.03900041924282787-0.1999046492793661j)
44,-16,(0.04326369046179442-0.023793251687305263j)
44,-15,(0.05036621195378586-0.262931993447414j)
44,-14,(0.02317829374016634-0.08219692539045732j)
44,-13,(0.170094591382117-0.098711349796284j)
44,-12,(-0.04122731024452765-0.10286511980743868j)
44,-11,(0.0783388763586137-0.10719352664313404j)
44,-10,(0.011929397672662184+0.0008181062791345521j)
44,-9,(0.15539283168121076+0.0668444570625768j)
44,-8,(-0.005428018705948087-0.06832705987692467j)
44,-7,(0.00148013472050267+0.04294283188579711j)
44,-6,(-0.0013940559045273397-0.015794243600832557j)
44,-5,(0.0010032212409047086-0.009494736001500984j)
44,-4,(0.08311424245912273+0.0537374990800053j)
44,-3,(-0.006191783362899654-0.106837719602383j)
44,-2,(0.025120348892964384-0.03495259301948771j)
44,-1,(-0.11340723967529606-0.04087199702757613j)
44,0,(0.16806985328803803+0j)
44,1,(0.11340723967529603-0.040871997027576136j)
44,2,(0.025120348892964404+0.03495259301948773j)
44,3,(0.006191783362899657-0.106837719602383j)
44,4,(0.08311424245912272-0.0537374990800053j)
44,5,(-0.0010032212409046956-0.009494736001501004j)
44,6,(-0.0013940559045273243+0.015794243600832543j)
44,7,(-0.0014801347205026182+0.04294283188579711j)
44,8,(-0.005428018705948064+0.06832705987692463j)
44,9,(-0.1553928316812108+0.06684445706257679j)
44,10,(0.011929397672662158-0.0008181062791345365j)
44,11,(-0.07833887635861372-0.10719352664313404j)
44,12,(-0.04122731024452764+0.1028651198074387j)
44,13,(-0.17009459138211697-0.098711349796284j)
44,14,(0.023178293740166337+0.08219692539045735j)
44,15,(-0.05036621195378584-0.262931993447414j)
44,16,(0.04326369046179443+0.02379325168730525j)
44,17,(0.0390004192428278-0.19990464927936602j)
44,18,(-0.13028599821099826-0.008489122714959964j)
44,19,(0.14281089048378717-0.04296125271337644j)
44,20,(-0.04868529270889197+0.030622885195705822j)
44,21,(0.057768394434815594+0.03243038692117539j)
44,22,(-0.038538190799502686-0.03488383834325276j)
44,23,(0.0844731203484021-0.002927031567635776j)
44,24,(0.0009797123695470841+0.06086343376450492j)
44,25,(0.19762073721299594-0.05924757231817455j)
44,26,(-0.23428343683147781+0.021608190584884498j)
44,27,(0.14888648804513827+0.1049707376533041j)
44,28,(-0.13066136055888566-0.03698802643939335j)
44,29,(-0.07740029580668435+0.28074883397894407j)
44,30,(0.07180898345019218-0.15886487596916762j)
44,31,(-0.1760092369632089+0.187495901366301j)
44,32,(0.0074192075450095615+0.030602922780451597j)
44,33,(-0.10449226308594302+0.16168508836721457j)
44,34,(-0.22862040700672617+0.021595083599253037j)
44,35,(-0.18344793688738983+0.2703960922323765j)
44,36,(-0.15889241350909042-0.18798396904936873j)
44,37,(-0.3608758765467002+0.4083016569892147j)
44,38,(-0.11279863039138416+0.10328830258623925j)
44,39,(-0.36022896501341006-0.04096748252638619j)
44,40,(-0.5938918614630193+0.14498045099766446j)
44,41,(-0.3054482109755798+0.5759660106852995j)
44,42,(0.24578890140383064-0.05431549661793254j)
44,43,(-0.15405586561056275-0.026088025285124623j)
44,44,(0.1955733787511019-0.5003580149435689j)
45,-45,(0.2772143047165612-0.16302978279378944j)
45,-44,(-0.10593883061794038-0.37470594019164566j)
45,-43,(0.3664370877214821+0.16173787896241967j)
45,-42,(-0.3135395392696342+0.018679118863801473j)
45,-41,(0.1627428197007474-0.4382385094539753j)
45,-40,(0.4185290103168959-0.11976029252610515j)
45,-39,(0.10855387627547138+0.01324330682558885j)
45,-38,(0.2685736273388793+0.19991534675513548j)
45,-37,(-0.290381515875392-0.0684055947215018j)
45,-36,(0.23283038578213086-0.03688393946328394j)
45,-35,(0.021135905164033093-0.339506201386401j)
45,-34,(0.4445175421444103+0.03503873562284093j)
45,-33,(0.2825805292791162-0.1556835196937238j)
45,-32,(0.25071315921400783+0.3755276442885932j)
45,-31,(-0.039499545259204835-0.1626600224036283j)
45,-30,(0.002785516336378311+0.2917932725587963j)
45,-29,(0.01475227088403836-0.06764759413684016j)
45,-28,(-0.08621995577308006+0.1182014858211123j)
45,-27,(0.2924519006117745-0.16926941578156157j)
45,-26,(-0.008623712468289753+0.13239651230542057j)
45,-25,(0.35758972806810807+0.12706863312670155j)
45,-24,(-0.042803508376620406+0.188170668758106j)
45,-23,(0.06369324882662454+0.31619393821245867j)
45,-22,(-0.3228804823121234+0.01501626052719442j)
45,-21,(-0.0006673720797968051+0.12821755900076112j)
45,-20,(-0.2345086156649537-0.15313866449564456j)
45,-19,(-0.14406246039103596+0.11964203287967398j)
45,-18,(-0.04710901963703587-0.1885690821165368j)
45,-17,(-0.14495996650348286+0.07808536028041953j)
45,-16,(0.0830498981715968-0.0742362888931033j)
45,-15,(-0.16509238591995046+0.14803179492561114j)
45,-14,(0.07160171955455175-0.008235458187470865j)
45,-13,(-0.1436831021143098-0.035367904882333136j)
45,-12,(-0.10443991169248294+0.006331116575642516j)
45,-11,(-0.16801984308256648-0.04456291714092114j)
45,-10,(-0.061909661736100276-0.08179191590978406j)
45,-9,(0.0706490814827021-0.1725112227691329j)
45,-8,(0.011064753997869003+0.025863707256813178j)
45,-7,(0.07418849606064241-0.02334599690662159j)
45,-6,(-0.07757251658784203-0.0951715223931647j)
45,-5,(-0.014791454341082862+0.006025362235752619j)
45,-4,(-0.03541176204162966-0.12735611237807312j)
45,-3,(0.028009734220905715-0.01898514327478063j)
45,-2,(-0.013489253224697873-0.035616368649509525j)
45,-1,(0.1365751888190492+0.043362344633206824j)
45,0,(0.03852761388311482+0j)
45,1,(-0.1365751888190492+0.04336234463320682j)
45,2,(-0.013489253224697873+0.03561636864950953j)
45,3,(-0.028009734220905715-0.018985143274780632j)
45,4,(-0.035411762041629644+0.12735611237807312j)
45,5,(0.014791454341082852+0.006025362235752619j)
45,6,(-0.07757251658784205+0.0951715223931647j)
45,7,(-0.07418849606064237-0.0233459969066216j)
45,8,(0.011064753997868977-0.025863707256813136j)
45,9,(-0.0706490814827021-0.17251122276913294j)
45,10,(-0.061909661736100276+0.08179191590978405j)
45,11,(0.16801984308256648-0.04456291714092113j)
45,12,(-0.10443991169248293-0.006331116575642542j)
45,13,(0.1436831021143098-0.03536790488233315j)
45,14,(0.07160171955455177+0.00823545818747088j)
45,15,(0.16509238591995043+0.14803179492561114j)
45,16,(0.08304989817159678+0.07423628889310331j)
45,17,(0.14495996650348286+0.07808536028041957j)
45,18,(-0.04710901963703587+0.1885690821165368j)
45,19,(0.14406246039103604+0.11964203287967398j)
45,20,(-0.23450861566495362+0.15313866449564453j)
45,21,(0.0006673720797968051+0.12821755900076112j)
45,22,(-0.3228804823121232-0.01501626052719439j)
45,23,(-0.06369324882662457+0.3161939382124588j)
45,24,(-0.04280350837662047-0.18817066875810606j)
45,25,(-0.35758972806810824+0.12706863312670155j)
45,26,(-0.008623712468289744-0.13239651230542054j)
45,27,(-0.2924519006117744-0.16926941578156146j)
45,28,(-0.08621995577308007-0.1182014858211123j)
45,29,(-0.014752270884038354-0.06764759413684014j)
45,30,(0.0027855163363783033-0.29179327255879617j)
45,31,(0.03949954525920482-0.16266002240362828j)
45,32,(0.2507131592140078-0.37552764428859314j)
45,33,(-0.2825805292791162-0.1556835196937238j)
45,34,(0.44451754214441025-0.035038735622840905j)
45,35,(-0.02113590516403308-0.3395062013864009j)
45,36,(0.2328303857821308+0.036883939463283937j)
45,37,(0.290381515875392-0.06840559472150182j)
45,38,(0.2685736273388793-0.19991534675513548j)
45,39,(-0.10855387627547138+0.013243306825588866j)
45,40,(0.4185290103168961+0.11976029252610523j)
45,41,(-0.1627428197007473-0.43823850945397513j)
45,42,(-0.31353953926963424-0.018679118863801508j)
45,43,(-0.3664370877214822+0.16173787896241973j)
45,44,(-0.10593883061794038+0.37470594019164555j)
45,45,(-0.2772143047165614-0.16302978279378957j)
46,-46,(-0.39986168942351363-0.28571801311703754j)
46,-45,(-0.07178130004631042+0.11774718560837952j)
46,-44,(-0.008329554194731107+0.09817137823238872j)
46,-43,(-0.6280301878506409-0.1118714465585307j)
46,-42,(0.4529004154236544-0.3225670072769332j)
46,-41,(-0.32583034417672563+0.21496603303652176j)
46,-40,(0.15360352787401862-0.008050730370092444j)
46,-39,(-0.4338837929332698-0.03017796767090751j)
46,-38,(-0.10347135257651444-0.3424902095031812j)
46,-37,(-0.113235187590897-0.2323220553663188j)
46,-36,(0.12391234468968416-0.1985926932890998j)
46,-35,(0.008601255903253013-0.08156327164298437j)
46,-34,(-0.05758419556926208+0.0083975948190466j)
46,-33,(-0.22270082611280365+0.02195505689620971j)
46,-32,(-0.05693224118867788-0.24455905866106176j)
46,-31,(-0.08744957539411573-0.10008167423164702j)
46,-30,(0.0085006535285592-0.2558314728528219j)
46,-29,(0.0832318469234916-0.09604292470977663j)
46,-28,(0.26838518548349327-0.20501224326279124j)
46,-27,(0.05773910401425778+0.15571046525103227j)
46,-26,(0.1375468991656644+0.16336988223824844j)
46,-25,(-0.17812250775824814-0.020056204806983727j)
46,-24,(0.10601563009510556+0.04109789455733633j)
46,-23,(-0.017248446371302528-0.1410382192482268j)
46,-22,(0.10082786659953732+0.058259743395167964j)
46,-21,(0.12154351526259491-0.1598733770955063j)
46,-20,(0.08284527268249003+0.051905107177050644j)
46,-19,(0.047705077554352174-0.002311394632676467j)
46,-18,(0.034228675095390196+0.08775796871332368j)
46,-17,(0.0882648058649471+0.016117885883170053j)
46,-16,(-0.04540851272774017+0.04346547453425514j)
46,-15,(-0.04382091698869224+0.16263101316557793j)
46,-14,(-0.045990682564890126+0.06764155438580614j)
46,-13,(-0.08524054744682491+0.13218472565782852j)
46,-12,(0.05473888704047475+0.027288073628675556j)
46,-11,(-0.07098430233526358+0.039677810814944675j)
46,-10,(0.024983983463708562-0.06049841069600634j)
46,-9,(-0.14624995138390537-0.005751336493798124j)
46,-8,(0.03573509800992677+0.020251850788907323j)
46,-7,(-0.09805241000613545+0.04412167819791283j)
46,-6,(0.013393383410604243+0.053374734686410186j)
46,-5,(-0.11624761106284129-0.003413797646485159j)
46,-4,(-0.034391220595183174-0.002542838910056251j)
46,-3,(0.02275118392047689+0.06564957979321423j)
46,-2,(-0.12300270701313298+0.06478656783071877j)
46,-1,(0.03981152640748332+0.07913387301923588j)
46,0,(-0.08249288406616162+0j)
46,1,(-0.03981152640748333+0.07913387301923588j)
46,2,(-0.12300270701313296-0.06478656783071876j)
46,3,(-0.02275118392047689+0.06564957979321424j)
46,4,(-0.03439122059518319+0.00254283891005623j)
46,5,(0.11624761106284133-0.003413797646485185j)
46,6,(0.013393383410604254-0.053374734686410186j)
46,7,(0.09805241000613545+0.04412167819791281j)
46,8,(0.03573509800992676-0.02025185078890733j)
46,9,(0.1462499513839054-0.005751336493798098j)
46,10,(0.02498398346370855+0.06049841069600634j)
46,11,(0.07098430233526358+0.03967781081494468j)
46,12,(0.05473888704047475-0.02728807362867557j)
46,13,(0.0852405474468249+0.13218472565782852j)
46,14,(-0.04599068256489012-0.06764155438580613j)
46,15,(0.04382091698869223+0.162631013165578j)
46,16,(-0.045408512727740186-0.043465474534255116j)
46,17,(-0.0882648058649471+0.016117885883170063j)
46,18,(0.034228675095390224-0.0877579687133237j)
46,19,(-0.04770507755435209-0.002311394632676493j)
46,20,(0.08284527268249002-0.051905107177050644j)
46,21,(-0.12154351526259483-0.1598733770955062j)
46,22,(0.10082786659953731-0.058259743395167964j)
46,23,(0.01724844637130252-0.14103821924822676j)
46,24,(0.10601563009510555-0.04109789455733634j)
46,25,(0.17812250775824814-0.02005620480698372j)
46,26,(0.13754689916566443-0.16336988223824842j)
46,27,(-0.05773910401425775+0.1557104652510322j)
46,28,(0.2683851854834934+0.20501224326279124j)
46,29,(-0.0832318469234916-0.09604292470977663j)
46,30,(0.00850065352855921+0.2558314728528219j)
46,31,(0.08744957539411573-0.10008167423164697j)
46,32,(-0.05693224118867784+0.24455905866106176j)
46,33,(0.22270082611280362+0.021955056896209715j)
46,34,(-0.0575841955692621-0.008397594819046604j)
46,35,(-0.008601255903253039-0.08156327164298437j)
46,36,(0.12391234468968412+0.19859269328909973j)
46,37,(0.11323518759089693-0.2323220553663188j)
46,38,(-0.10347135257651444+0.34249020950318126j)
46,39,(0.43388379293326995-0.030177967670907527j)
46,40,(0.15360352787401857+0.008050730370092444j)
46,41,(0.3258303441767258+0.2149660330365218j)
46,42,(0.45290041542365433+0.3225670072769332j)
46,43,(0.6280301878506408-0.1118714465585307j)
46,44,(-0.008329554194731116-0.09817137823238872j)
46,45,(0.07178130004631042+0.11774718560837949j)
46,46,(-0.39986168942351363+0.28571801311703754j)
47,-47,(-0.19827119388987466+0.37217567086826436j)
47,-46,(0.3060254121333314+0.19761372195746768j)
47,-45,(-0.47534463814460937+0.23324114122578218j)
47,-44,(0.07649799317394115-0.20329954934382202j)
47,-43,(0.3451474606746824+0.21726772354107543j)
47,-42,(-0.31132481070617435+0.5208456417208754j)
47,-41,(-0.008568200935128495-0.009829637851212969j)
47,-40,(-0.41475916597717394+0.0544050765783717j)
47,-39,(0.27458463555183277-0.2350735548676328j)
47,-38,(-0.2177307374462164+0.17580813050219304j)
47,-37,(0.19516785587360808+0.1235217470971889j)
47,-36,(-0.42111674973484026+0.21138477584533832j)
47,-35,(-0.021503393573846466+0.22420637828348475j)
47,-34,(-0.48923820899061843-0.11577296403582803j)
47,-33,(-0.0022426347194295267+0.009379903463434236j)
47,-32,(-0.1512845933489753-0.10878770197184985j)
47,-31,(0.1197155128324595+0.16680118549403466j)
47,-30,(-0.06428945582404545-0.07921662276423107j)
47,-29,(-0.04470143671330486+0.1354145207599297j)
47,-28,(-0.1141225914763315-0.17341805374066815j)
47,-27,(-0.25781522143578844+0.06789231080838362j)
47,-26,(0.038485676014415604-0.20067373537028382j)
47,-25,(-0.053812412207566426-0.016198607797879745j)
47,-24,(0.12798060823507512-0.12640538333907622j)
47,-23,(-0.04897812328689773-0.08088758629393739j)
47,-22,(0.1609005276139875-0.09195104655220304j)
47,-21,(-0.0008191536557230591-0.09221475392426136j)
47,-20,(0.1413411721525525+0.020787234799130274j)
47,-19,(-0.013786586430834845-0.13518730539444135j)
47,-18,(0.03795871234849647+0.10508444710337608j)
47,-17,(0.017407050175539212-0.0522375207553553j)
47,-16,(-0.0122262059599133+0.058946487327180025j)
47,-15,(0.057572275460449844-0.10718251408266992j)
47,-14,(-0.012077690045268154+0.07667448242170175j)
47,-13,(0.1985203884591077+0.0036494441271002413j)
47,-12,(0.019673328597013574+0.03951430401188456j)
47,-11,(0.09022771058571843+0.1198467579798312j)
47,-10,(0.0007209882599227537+0.007336395348587241j)
47,-9,(-0.019516639805622026+0.13633421491847816j)
47,-8,(-0.049795368530409584+0.09443490459947747j)
47,-7,(0.025534123994067195+0.10681293018297233j)
47,-6,(0.050673756879807935+0.06936897906748868j)
47,-5,(-0.032950414237245866+0.04260897989560905j)
47,-4,(0.03640220929007551+0.014053383597556559j)
47,-3,(-0.08368055674341679+0.00041378968774575923j)
47,-2,(-0.00582398729377092-0.012297170214425586j)
47,-1,(-0.12433830670099455-0.0494138922675534j)
47,0,(0.03375478987275326+0j)
47,1,(0.12433830670099459-0.0494138922675534j)
47,2,(-0.005823987293770917+0.012297170214425623j)
47,3,(0.08368055674341678+0.0004137896877457489j)
47,4,(0.03640220929007553-0.014053383597556538j)
47,5,(0.032950414237245866+0.04260897989560903j)
47,6,(0.050673756879807935-0.0693689790674887j)
47,7,(-0.025534123994067195+0.10681293018297236j)
47,8,(-0.049795368530409584-0.09443490459947747j)
47,9,(0.019516639805622026+0.13633421491847816j)
47,10,(0.000720988259922746-0.007336395348587252j)
47,11,(-0.09022771058571842+0.11984675797983117j)
47,12,(0.01967332859701358-0.03951430401188459j)
47,13,(-0.19852038845910763+0.0036494441271002465j)
47,14,(-0.012077690045268154-0.07667448242170175j)
47,15,(-0.05757227546044984-0.10718251408266989j)
47,16,(-0.012226205959913305-0.058946487327180074j)
47,17,(-0.017407050175539236-0.05223752075535534j)
47,18,(0.037958712348496494-0.10508444710337601j)
47,19,(0.013786586430834856-0.13518730539444135j)
47,20,(0.14134117215255243-0.020787234799130305j)
47,21,(0.0008191536557230902-0.09221475392426143j)
47,22,(0.1609005276139875+0.09195104655220306j)
47,23,(0.04897812328689774-0.08088758629393737j)
47,24,(0.1279806082350751+0.1264053833390762j)
47,25,(0.05381241220756646-0.016198607797879745j)
47,26,(0.038485676014415625+0.20067373537028374j)
47,27,(0.2578152214357885+0.06789231080838366j)
47,28,(-0.11412259147633146+0.17341805374066813j)
47,29,(0.04470143671330484+0.13541452075992969j)
47,30,(-0.06428945582404544+0.07921662276423107j)
47,31,(-0.1197155128324595+0.1668011854940347j)
47,32,(-0.1512845933489752+0.10878770197184985j)
47,33,(0.0022426347194295163+0.00937990346343421j)
47,34,(-0.4892382089906183+0.115772964035828j)
47,35,(0.021503393573846463+0.22420637828348472j)
47,36,(-0.42111674973484003-0.21138477584533819j)
47,37,(-0.19516785587360808+0.1235217470971889j)
47,38,(-0.2177307374462164-0.17580813050219304j)
47,39,(-0.27458463555183277-0.2350735548676328j)
47,40,(-0.41475916597717405-0.05440507657837173j)
47,41,(0.0085682009351285-0.009829637851212979j)
47,42,(-0.31132481070617435-0.5208456417208757j)
47,43,(-0.3451474606746825+0.21726772354107549j)
47,44,(0.07649799317394114+0.2032995493438219j)
47,45,(0.47534463814460953+0.23324114122578224j)
47,46,(0.30602541213333156-0.19761372195746776j)
47,47,(0.19827119388987471+0.37217567086826436j)
48,-48,(0.5015967857763093+0.012344093141795942j)
48,-47,(0.07556128758622865+0.012151117779444697j)
48,-46,(-0.11759010877620656-0.05359346813998205j)
48,-45,(0.5892939592709253-0.3208296855725727j)
48,-44,(-0.07863563789797649+0.5970470970559455j)
48,-43,(0.013897260633377156-0.157198786656095j)
48,-42,(-0.025048801554937966-0.07603381227297717j)
48,-41,(0.15179404104153277-0.09562529427333293j)
48,-40,(0.258023907151126+0.07244543964529798j)
48,-39,(0.208403741063563+0.25151215712539027j)
48,-38,(0.12883812468097758+0.12516352418103252j)
48,-37,(-0.09039896369752398+0.09991018218584236j)
48,-36,(0.11703877948855797+0.012991585151393287j)
48,-35,(-0.09414235217755466-0.08366979449112945j)
48,-34,(0.252293940846771+0.13967601175757707j)
48,-33,(0.08711583580413909-0.016342371132743692j)
48,-32,(0.09605542317140049+0.2850965941772324j)
48,-31,(-0.065808146248282+0.0639828191783173j)
48,-30,(-0.03529882661750403+0.37128002918585656j)
48,-29,(-0.13840160883213742-0.051579181542004984j)
48,-28,(-0.09765170927198395+0.14044232661200076j)
48,-27,(0.060061316296922275-0.16700911603303614j)
48,-26,(-0.17294199609687808+0.09256633599135992j)
48,-25,(0.24866392252072278-0.0653730417329959j)
48,-24,(-0.13718755075520705+0.18055079202499638j)
48,-23,(0.09159933290012973+0.18090900478132957j)
48,-22,(-0.21723990400306714+0.09243277532198316j)
48,-21,(0.02133237674475043+0.132187934419093j)
48,-20,(-0.24540482168831362-0.14770993612861583j)
48,-19,(-0.07192338880245257+0.04250534829709836j)
48,-18,(-0.14111978710782863-0.18781677422772067j)
48,-17,(0.024472326744942315-0.06435869652910518j)
48,-16,(0.14457258721984687-0.15995842672448451j)
48,-15,(-0.05019673930605245-0.12259739372962768j)
48,-14,(0.13261157272908386-0.12657958953753473j)
48,-13,(-0.015361562013665817-0.05663654543294457j)
48,-12,(0.03834365174008414+0.016243569802970516j)
48,-11,(-0.005688209516657428-0.1004531616461013j)
48,-10,(-0.029384530395666963+0.015196729802002176j)
48,-9,(0.07656924430823554-0.047222962486957364j)
48,-8,(-0.030565424324359953-0.026659423917767114j)
48,-7,(0.1876305793195314-0.04332817613814908j)
48,-6,(-0.042815688020312076-0.03738218560355005j)
48,-5,(0.0688432501284085-0.044476818699738276j)
48,-4,(0.048914391084959874-0.07012115944037509j)
48,-3,(0.08674765443371699+0.03947550498001806j)
48,-2,(0.030675579704002164-0.02217799214521863j)
48,-1,(-0.0006505678794902348+0.029489267738841373j)
48,0,(0.017911841446602583+0j)
48,1,(0.0006505678794902503+0.029489267738841363j)
48,2,(0.03067557970400216+0.022177992145218654j)
48,3,(-0.08674765443371703+0.039475504980018075j)
48,4,(0.048914391084959874+0.07012115944037509j)
48,5,(-0.06884325012840846-0.04447681869973828j)
48,6,(-0.04281568802031207+0.037382185603550055j)
48,7,(-0.18763057931953142-0.04332817613814907j)
48,8,(-0.030565424324359953+0.02665942391776712j)
48,9,(-0.07656924430823557-0.047222962486957384j)
48,10,(-0.029384530395666967-0.01519672980200218j)
48,11,(0.005688209516657428-0.1004531616461013j)
48,12,(0.03834365174008413-0.016243569802970537j)
48,13,(0.015361562013665822-0.05663654543294457j)
48,14,(0.13261157272908383+0.12657958953753473j)
48,15,(0.05019673930605247-0.12259739372962765j)
48,16,(0.1445725872198469+0.15995842672448454j)
48,17,(-0.024472326744942315-0.06435869652910518j)
48,18,(-0.14111978710782855+0.18781677422772064j)
48,19,(0.07192338880245255+0.04250534829709835j)
48,20,(-0.2454048216883137+0.14770993612861588j)
48,21,(-0.02133237674475044+0.13218793441909304j)
48,22,(-0.21723990400306722-0.09243277532198318j)
48,23,(-0.09159933290012973+0.18090900478132954j)
48,24,(-0.13718755075520703-0.18055079202499635j)
48,25,(-0.2486639225207226-0.06537304173299592j)
48,26,(-0.17294199609687808-0.09256633599136001j)
48,27,(-0.0600613162969223-0.16700911603303614j)
48,28,(-0.09765170927198402-0.1404423266120008j)
48,29,(0.1384016088321374-0.05157918154200496j)
48,30,(-0.03529882661750402-0.3712800291858565j)
48,31,(0.065808146248282+0.0639828191783173j)
48,32,(0.09605542317140049-0.2850965941772324j)
48,33,(-0.08711583580413908-0.01634237113274369j)
48,34,(0.25229394084677076-0.13967601175757696j)
48,35,(0.09414235217755462-0.08366979449112938j)
48,36,(0.11703877948855794-0.012991585151393287j)
48,37,(0.09039896369752394+0.09991018218584231j)
48,38,(0.12883812468097758-0.12516352418103252j)
48,39,(-0.20840374106356307+0.25151215712539027j)
48,40,(0.25802390715112605-0.07244543964529798j)
48,41,(-0.15179404104153274-0.09562529427333295j)
48,42,(-0.025048801554937997+0.07603381227297719j)
48,43,(-0.013897260633377135-0.15719878665609502j)
48,44,(-0.07863563789797649-0.5970470970559455j)
48,45,(-0.5892939592709253-0.32082968557257274j)
48,46,(-0.1175901087762066+0.05359346813998204j)
48,47,(-0.07556128758622867+0.012151117779444658j)
48,48,(0.5015967857763094-0.012344093141795942j)
49,-49,(0.1304284485516618-0.3755471425961191j)
49,-48,(-0.3499541691666778-0.004185088552427019j)
49,-47,(0.14816402617316735-0.44660983692658607j)
49,-46,(0.13918500045178248+0.09339059846911067j)
49,-45,(-0.3475767256826907+0.16082741003220508j)
49,-44,(-0.05985599270324799-0.5859130106882854j)
49,-43,(-0.011264573880755227-0.0465530806059271j)
49,-42,(0.4136065218814179-0.3797146941640984j)
49,-41,(-0.08052716912273278+0.2576885479658337j)
49,-40,(-0.03858604271156059-0.31494812321496773j)
49,-39,(-0.1687357849684906+0.12734885232946574j)
49,-38,(0.1270906084525686-0.3512040907542601j)
49,-37,(-0.06497025723815092-0.14522525732235803j)
49,-36,(0.31497706763379363-0.29674076590028975j)
49,-35,(0.03834998375528782-0.0540292644751815j)
49,-34,(0.3157718668067698+0.05447086359409553j)
49,-33,(-0.13933172006715833-0.015296920100817466j)
49,-32,(0.09882203333707323+0.052803755237833844j)
49,-31,(-0.09282181033350485-0.13623639483595515j)
49,-30,(0.16211237196185807+0.004462506385389389j)
49,-29,(0.024682964618941382-0.13054285856482292j)
49,-28,(0.18946657872845282+0.1319899898140109j)
49,-27,(0.13824790476265972+0.10103209955808079j)
49,-26,(0.08115460997910182+0.25176041471349253j)
49,-25,(0.03203935411662811+0.08008819243029641j)
49,-24,(-0.07614143419832446+0.14829427311046495j)
49,-23,(-0.00829679039812493+0.05891850946177715j)
49,-22,(-0.12707279913228375+0.1158517999298752j)
49,-21,(0.04425303916646336-0.03508042613096356j)
49,-20,(-0.07730532137400714+0.018422078168921562j)
49,-19,(0.11404320325443552+0.018201776823392267j)
49,-18,(-0.0950915810458326+0.03478890739849025j)
49,-17,(-0.010990177825740037+0.13914726126916718j)
49,-16,(-0.006465245354766699+0.011292195515824475j)
49,-15,(-0.11783848136672662+0.1795781367144434j)
49,-14,(-0.04041597260382129-0.007282013055933203j)
49,-13,(-0.1647400783877701-0.05008096752266161j)
49,-12,(-0.03862358927773578+0.048053828603454224j)
49,-11,(-0.18102805709375444-0.022361778966972074j)
49,-10,(0.025618799764185424-0.019619588939350226j)
49,-9,(-0.09714879753504013-0.040407710731819195j)
49,-8,(-0.015915685486775556-0.06987207130527161j)
49,-7,(-0.04340588526013955-0.13922368976372365j)
49,-6,(0.05333329927355485+0.050387930426884275j)
49,-5,(0.0434578300178662+0.009632898028204669j)
49,-4,(-0.059728300014364695-0.01810045698736964j)
49,-3,(0.052121042690901946-0.012271392243573017j)
49,-2,(0.021243016048837084+0.07078330173492045j)
49,-1,(0.048358189833512616+0.04951249140511771j)
49,0,(0.021124638058360252+0j)
49,1,(-0.048358189833512616+0.04951249140511771j)
49,2,(0.021243016048837087-0.07078330173492044j)
49,3,(-0.052121042690901946-0.01227139224357302j)
49,4,(-0.05972830001436465+0.01810045698736966j)
49,5,(-0.04345783001786617+0.009632898028204684j)
49,6,(0.05333329927355485-0.05038793042688429j)
49,7,(0.04340588526013951-0.13922368976372365j)
49,8,(-0.015915685486775567+0.06987207130527161j)
49,9,(0.09714879753504016-0.04040771073181921j)
49,10,(0.025618799764185435+0.019619588939350226j)
49,11,(0.1810280570937544-0.02236177896697204j)
49,12,(-0.03862358927773578-0.0480538286034542j)
49,13,(0.16474007838777008-0.05008096752266159j)
49,14,(-0.04041597260382129+0.0072820130559331925j)
49,15,(0.11783848136672669+0.17957813671444345j)
49,16,(-0.006465245354766678-0.01129219551582447j)
49,17,(0.010990177825740048+0.13914726126916718j)
49,18,(-0.09509158104583255-0.03478890739849025j)
49,19,(-0.11404320325443552+0.018201776823392267j)
49,20,(-0.07730532137400714-0.018422078168921562j)
49,21,(-0.044253039166463344-0.03508042613096355j)
49,22,(-0.1270727991322837-0.11585179992987515j)
49,23,(0.008296790398124948+0.05891850946177716j)
49,24,(-0.07614143419832442-0.14829427311046486j)
49,25,(-0.03203935411662809+0.0800881924302964j)
49,26,(0.08115460997910177-0.2517604147134924j)
49,27,(-0.13824790476265977+0.10103209955808083j)
49,28,(0.1894665787284528-0.1319899898140109j)
49,29,(-0.024682964618941372-0.13054285856482298j)
49,30,(0.16211237196185802-0.00446250638538937j)
49,31,(0.09282181033350481-0.13623639483595515j)
49,32,(0.09882203333707323-0.0528037552378338j)
49,33,(0.13933172006715827-0.015296920100817537j)
49,34,(0.31577186680676966-0.0544708635940955j)
49,35,(-0.03834998375528781-0.05402926447518144j)
49,36,(0.3149770676337936+0.29674076590028986j)
49,37,(0.06497025723815089-0.14522525732235797j)
49,38,(0.1270906084525685+0.35120409075425996j)
49,39,(0.1687357849684906+0.12734885232946572j)
49,40,(-0.038586042711560596+0.3149481232149676j)
49,41,(0.0805271691227328+0.2576885479658338j)
49,42,(0.4136065218814179+0.3797146941640984j)
49,43,(0.011264573880755212-0.04655308060592713j)
49,44,(-0.05985599270324802+0.5859130106882856j)
49,45,(0.3475767256826907+0.16082741003220508j)
49,46,(0.13918500045178245-0.09339059846911062j)
49,47,(-0.1481640261731674-0.4466098369265862j)
49,48,(-0.3499541691666778+0.004185088552427032j)
49,49,(-0.1304284485516618-0.3755471425961191j)
50,-50,(-0.4968689209030579+0.03984529875885459j)
50,-49,(-0.05146537655437212+0.1970756204760577j)
50,-48,(0.10764676225556961-0.1669551238062303j)
50,-47,(-0.13839452438633532+0.5585778112440961j)
50,-46,(-0.19688250935863993-0.39615685897421576j)
50,-45,(0.10719257743247292-0.010786473043080308j)
50,-44,(-0.05033212975074642+0.11001662597788722j)
50,-43,(-0.046439319736867886+0.18003496015932227j)
50,-42,(-0.3196533074172994+0.20413979971239102j)
50,-41,(-0.26328768721313245-0.14506452695361574j)
50,-40,(-0.17103905260795657-0.043590850165173854j)
50,-39,(0.05889413161219234-0.43232946656104826j)
50,-38,(-0.07657360301134025+0.14305484980619285j)
50,-37,(0.07536013819119627-0.0686712796654303j)
50,-36,(-0.3264370717512193+0.2323071687483172j)
50,-35,(0.0029171490723917063-0.10619647933672327j)
50,-34,(-0.41643357013350313-0.08176912466946863j)
50,-33,(0.1360894403908451-0.1648430119625022j)
50,-32,(-0.2531415369013665-0.28648644659648276j)
50,-31,(0.22741534929703944+0.03099291378951145j)
50,-30,(-0.07467329510032773-0.23960977490283325j)
50,-29,(0.08470430101152784+0.18671825873567688j)
50,-28,(0.032585333013033145-0.1043628853485462j)
50,-27,(0.028856343946764628+0.09380390785923462j)
50,-26,(0.009557703251668763-0.286859412850633j)
50,-25,(-0.013268560055462808+0.04948160255273255j)
50,-24,(0.143587178545297-0.16511253732714443j)
50,-23,(-0.008544841774666885-0.04069445981959872j)
50,-22,(0.3198810199113536-0.07924779632132672j)
50,-21,(-0.06404842280905755-0.011654116817901105j)
50,-20,(0.1928301657173527+0.1701624717902455j)
50,-19,(-0.05268159590070586-0.08481074559283062j)
50,-18,(0.07724978923122601+0.25276742791778306j)
50,-17,(0.03536246297083331+0.032989538067535414j)
50,-16,(-0.0472595325875789+0.13690888536590462j)
50,-15,(0.10122961859144428+0.014724276806974246j)
50,-14,(-0.1384755523356536+0.1048365163214599j)
50,-13,(0.12219678980182389-0.04370037606511149j)
50,-12,(0.010678473898906075+0.05131269444802352j)
50,-11,(0.025309826270324232-0.01494731289930505j)
50,-10,(0.0005240793876632417+0.024659798957562106j)
50,-9,(-0.024700900845217456+0.08807128499719233j)
50,-8,(-0.024843020758601574+0.028272756001706558j)
50,-7,(-0.15720507243770193+0.0023244000655635436j)
50,-6,(0.06474174090877671+0.056160431407747194j)
50,-5,(-0.036654406607365075+0.013393054771939108j)
50,-4,(-0.018634992005989545+0.04551758209225112j)
50,-3,(-0.05637238594201962-0.04492810681529045j)
50,-2,(-0.02014325948201346-0.003339781827510948j)
50,-1,(0.003351128146090652+0.029633725569568208j)
50,0,(-0.12163424624462159+0j)
50,1,(-0.0033511281460906674+0.02963372556956819j)
50,2,(-0.020143259482013454+0.003339781827510938j)
50,3,(0.0563723859420196-0.04492810681529045j)
50,4,(-0.018634992005989538-0.04551758209225114j)
50,5,(0.0366544066073651+0.01339305477193911j)
50,6,(0.0647417409087767-0.056160431407747194j)
50,7,(0.15720507243770185+0.0023244000655635436j)
50,8,(-0.024843020758601557-0.028272756001706555j)
50,9,(0.024700900845217436+0.08807128499719231j)
50,10,(0.0005240793876632495-0.024659798957562096j)
50,11,(-0.025309826270324232-0.014947312899305044j)
50,12,(0.010678473898906068-0.05131269444802351j)
50,13,(-0.12219678980182393-0.043700376065111506j)
50,14,(-0.13847555233565362-0.1048365163214599j)
50,15,(-0.10122961859144428+0.014724276806974267j)
50,16,(-0.04725953258757889-0.13690888536590462j)
50,17,(-0.03536246297083331+0.03298953806753545j)
50,18,(0.07724978923122604-0.2527674279177831j)
50,19,(0.05268159590070586-0.08481074559283064j)
50,20,(0.1928301657173527-0.17016247179024552j)
50,21,(0.06404842280905754-0.01165411681790107j)
50,22,(0.3198810199113536+0.07924779632132671j)
50,23,(0.008544841774666866-0.040694459819598724j)
50,24,(0.14358717854529704+0.16511253732714445j)
50,25,(0.013268560055462793+0.04948160255273257j)
50,26,(0.009557703251668721+0.2868594128506328j)
50,27,(-0.02885634394676462+0.09380390785923462j)
50,28,(0.032585333013033145+0.10436288534854625j)
50,29,(-0.08470430101152786+0.18671825873567688j)
50,30,(-0.07467329510032773+0.23960977490283333j)
50,31,(-0.22741534929703935+0.030992913789511453j)
50,32,(-0.25314153690136637+0.28648644659648276j)
50,33,(-0.13608944039084514-0.16484301196250217j)
50,34,(-0.41643357013350313+0.08176912466946863j)
50,35,(-0.0029171490723917115-0.10619647933672328j)
50,36,(-0.3264370717512191-0.23230716874831703j)
50,37,(-0.07536013819119626-0.06867127966543034j)
50,38,(-0.07657360301134028-0.1430548498061929j)
50,39,(-0.05889413161219233-0.432329466561048j)
50,40,(-0.1710390526079566+0.043590850165173875j)
50,41,(0.2632876872131325-0.14506452695361577j)
50,42,(-0.3196533074172995-0.20413979971239105j)
50,43,(0.04643931973686794+0.18003496015932235j)
50,44,(-0.05033212975074642-0.11001662597788721j)
50,45,(-0.10719257743247293-0.010786473043080317j)
50,46,(-0.19688250935864002+0.39615685897421576j)
50,47,(0.13839452438633532+0.5585778112440958j)
50,48,(0.10764676225556961+0.16695512380623032j)
50,49,(0.05146537655437214+0.1970756204760577j)
50,50,(-0.49686892090305795-0.03984529875885458j)
51,-51,(0.10844610488074496+0.3354104939799417j)
51,-50,(0.32216508501004537-0.16589835609110645j)
51,-49,(0.1231758636283789+0.2706070170846465j)
51,-48,(0.048590535682186006+0.15313599229208144j)
51,-47,(-0.08576464575824132-0.4850462089485434j)
51,-46,(0.43841786242284747+0.3034439238168585j)
51,-45,(-0.10078063411195384-0.014861415067886352j)
51,-44,(0.04144449539287051+0.33821982947774587j)
51,-43,(-0.20757281100271396-0.21663169161456672j)
51,-42,(0.09716499428910458+0.2482063697040335j)
51,-41,(0.0165145404770056-0.15571947940273992j)
51,-40,(0.13803136528698087+0.2749753719874478j)
51,-39,(0.06708836758962128+0.14099417109226461j)
51,-38,(-0.17946170769282327+0.3140192672636174j)
51,-37,(-0.05120372136167309+0.11015081594944669j)
51,-36,(-0.08877168745200756+0.05440067455509086j)
51,-35,(-0.13611074144609392-0.004699050265754519j)
51,-34,(0.007870992049880652+0.07064840480302578j)
51,-33,(-0.04578739980847625-0.01114120191701197j)
51,-32,(-0.07342857534239226+0.16312658235743158j)
51,-31,(-0.09663495600473042+0.041453965713501954j)
51,-30,(-0.2223211953061305+0.07522407080371525j)
51,-29,(-0.07899684515852523-0.06568087205375212j)
51,-28,(-0.1620103798884779-0.09645189024322612j)
51,-27,(-0.0886644154322833-0.12071048357677616j)
51,-26,(-0.049159147405717314-0.20092047876519245j)
51,-25,(-0.015625613941801026-0.11878417885495056j)
51,-24,(-0.0686920564191862-0.03233756119034076j)
51,-23,(0.1042927167498291-0.039976748956294536j)
51,-22,(-0.02410664728294641+0.07043052179607252j)
51,-21,(0.009217537245391283-0.0005439206134975456j)
51,-20,(-0.006065930899962172-0.06572521138958448j)
51,-19,(-0.14117227996507553-0.09525877870330918j)
51,-18,(0.042507743917714856-0.04485144759097204j)
51,-17,(-0.009380699687074815-0.06938933647030794j)
51,-16,(0.04706934519892325-0.10150542499192006j)
51,-15,(0.08626354499351434-0.06679718541137492j)
51,-14,(0.08900203473052237-0.0760485847821595j)
51,-13,(0.07293128930270927-0.0003887779438130233j)
51,-12,(0.10805462139486861+0.13270029734824032j)
51,-11,(0.07576274063951999+0.06236670061948579j)
51,-10,(-0.09886559295467867+0.08595399475032993j)
51,-9,(0.11289039538619242+0.05264965009775403j)
51,-8,(-0.09848516424245861+0.09327581333785001j)
51,-7,(-0.021417974572323147+0.054947003633968726j)
51,-6,(-0.03433046958467206-0.015421606258813447j)
51,-5,(-0.022710032864041562+0.02005230621389457j)
51,-4,(-0.06353881143346111-0.0986560215260998j)
51,-3,(-0.0038022220007892502-0.027001427458556732j)
51,-2,(-0.003899111144489078-0.0068693939207899145j)
51,-1,(-0.03177857714631803-0.07798379426325588j)
51,0,(0.00123105112030972+0j)
51,1,(0.03177857714631805-0.07798379426325588j)
51,2,(-0.00389911114448906+0.0068693939207899015j)
51,3,(0.003802222000789235-0.027001427458556753j)
51,4,(-0.06353881143346111+0.09865602152609977j)
51,5,(0.022710032864041566+0.020052306213894564j)
51,6,(-0.03433046958467206+0.015421606258813458j)
51,7,(0.021417974572323126+0.05494700363396874j)
51,8,(-0.09848516424245858-0.09327581333785001j)
51,9,(-0.11289039538619246+0.05264965009775403j)
51,10,(-0.09886559295467867-0.0859539947503299j)
51,11,(-0.07576274063951999+0.06236670061948577j)
51,12,(0.10805462139486866-0.13270029734824038j)
51,13,(-0.07293128930270927-0.0003887779438130259j)
51,14,(0.08900203473052233+0.07604858478215949j)
51,15,(-0.08626354499351434-0.06679718541137487j)
51,16,(0.04706934519892329+0.10150542499192006j)
51,17,(0.009380699687074787-0.06938933647030791j)
51,18,(0.04250774391771482+0.04485144759097198j)
51,19,(0.14117227996507553-0.09525877870330914j)
51,20,(-0.0060659308999621835+0.06572521138958451j)
51,21,(-0.009217537245391268-0.0005439206134975506j)
51,22,(-0.0241066472829464-0.0704305217960725j)
51,23,(-0.1042927167498291-0.039976748956294564j)
51,24,(-0.0686920564191862+0.03233756119034076j)
51,25,(0.015625613941801036-0.11878417885495059j)
51,26,(-0.04915914740571729+0.2009204787651924j)
51,27,(0.0886644154322833-0.12071048357677627j)
51,28,(-0.1620103798884779+0.09645189024322608j)
51,29,(0.07899684515852524-0.06568087205375214j)
51,30,(-0.22232119530613056-0.07522407080371525j)
51,31,(0.09663495600473045+0.04145396571350198j)
51,32,(-0.07342857534239225-0.16312658235743158j)
51,33,(0.045787399808476216-0.011141201917011966j)
51,34,(0.0078709920498806-0.07064840480302585j)
51,35,(0.13611074144609384-0.004699050265754501j)
51,36,(-0.08877168745200754-0.05440067455509086j)
51,37,(0.051203721361673046+0.11015081594944665j)
51,38,(-0.17946170769282324-0.31401926726361734j)
51,39,(-0.06708836758962128+0.14099417109226464j)
51,40,(0.1380313652869808-0.2749753719874476j)
51,41,(-0.01651454047700561-0.15571947940273997j)
51,42,(0.0971649942891046-0.24820636970403354j)
51,43,(0.20757281100271405-0.21663169161456683j)
51,44,(0.041444495392870526-0.338219829477746j)
51,45,(0.1007806341119539-0.014861415067886352j)
51,46,(0.43841786242284747-0.3034439238168585j)
51,47,(0.0857646457582413-0.4850462089485432j)
51,48,(0.048590535682186006-0.15313599229208144j)
51,49,(-0.1231758636283789+0.27060701708464646j)
51,50,(0.3221650850100453+0.16589835609110645j)
51,51,(-0.10844610488074499+0.3354104939799417j)
52,-52,(0.3302430887131476-0.3051510508114107j)
52,-51,(0.029604434967762303-0.2875042659681946j)
52,-50,(0.14665704850774688+0.25414499318326494j)
52,-49,(-0.24336861512370095-0.41131098409704675j)
52,-48,(0.3354857321351831-0.17919192727534505j)
52,-47,(0.18237375821788387+0.12122888230619798j)
52,-46,(-0.15187606822678948-0.021786304056468423j)
52,-45,(0.11192534603497896-0.0024217325539366806j)
52,-44,(0.023776540278792502-0.404735690881253j)
52,-43,(0.38692035630544697+0.08605859699745211j)
52,-42,(0.09337724184022421-0.18048366702591634j)
52,-41,(0.17369505265412263+0.329903924836303j)
52,-40,(0.06147434972770977-0.15514287150163733j)
52,-39,(0.05973875276606867+0.2520699889021052j)
52,-38,(0.12800072588361971-0.33671392895862534j)
52,-37,(0.04757899616965802+0.021448472769925377j)
52,-36,(0.2978966194057731-0.18155544341826294j)
52,-35,(-0.06100705124916272+0.25793909776932394j)
52,-34,(0.23249203862111342+0.08910263980052563j)
52,-33,(-0.17768938734722975+0.21822545581104474j)
52,-32,(0.18098251035935498+0.07776617507141222j)
52,-31,(-0.18608691663876195+0.02656241576118475j)
52,-30,(0.10961944787612041+0.11293006585413831j)
52,-29,(-0.11412620459134164-0.1239040585396431j)
52,-28,(0.20034609087088062+0.21428267030052697j)
52,-27,(-0.002624313831269522-0.05037725479945823j)
52,-26,(0.006894602884453177+0.22010779643867864j)
52,-25,(0.049659895266135935-0.032064598186446955j)
52,-24,(-0.10261819346988682+0.1637796138060361j)
52,-23,(0.03751875086382321-0.06671785761006642j)
52,-22,(-0.2955214483526727+0.06897646950731157j)
52,-21,(0.04371986732495084-0.053771335098285744j)
52,-20,(-0.17523794418970756-0.1505847968133023j)
52,-19,(-0.00013276287926928897-0.06794435288361962j)
52,-18,(-0.10582598200507323-0.1595460101117962j)
52,-17,(0.07218711403322953-0.03489489515749866j)
52,-16,(-0.02971869667151883-0.1720648404640155j)
52,-15,(-0.00035794181451163866+0.017694898500158013j)
52,-14,(0.04229030547521607-0.05978070002002044j)
52,-13,(-0.07851031034419459+0.0716738670010651j)
52,-12,(0.018624830495728183-0.08641887300581458j)
52,-11,(-0.07782281997106558-0.053115914523451296j)
52,-10,(0.03987873660569619-0.08672809358252641j)
52,-9,(-0.010635022229768372-0.036819445766119535j)
52,-8,(0.07906895713243653+0.017278192811274795j)
52,-7,(-0.019806905088759465-0.094151745982138j)
52,-6,(0.013698122583096868-0.06809681378836321j)
52,-5,(0.1594900917695309-0.020847049263040034j)
52,-4,(0.03821346945898137-0.007728141063324651j)
52,-3,(0.10047242106487654+0.09364777954283086j)
52,-2,(-0.01463925575164825-0.03452085236426112j)
52,-1,(0.006718188342224224+0.09039756048247069j)
52,0,(-0.014755346511071606+0j)
52,1,(-0.0067181883422242445+0.09039756048247073j)
52,2,(-0.014639255751648234+0.03452085236426114j)
52,3,(-0.10047242106487661+0.09364777954283086j)
52,4,(0.03821346945898135+0.007728141063324625j)
52,5,(-0.15949009176953094-0.020847049263040044j)
52,6,(0.013698122583096863+0.06809681378836321j)
52,7,(0.019806905088759486-0.09415174598213796j)
52,8,(0.07906895713243653-0.017278192811274806j)
52,9,(0.010635022229768362-0.03681944576611955j)
52,10,(0.03987873660569616+0.08672809358252641j)
52,11,(0.07782281997106558-0.05311591452345126j)
52,12,(0.018624830495728203+0.08641887300581458j)
52,13,(0.0785103103441946+0.07167386700106507j)
52,14,(0.04229030547521607+0.0597807000200204j)
52,15,(0.0003579418145116283+0.017694898500157975j)
52,16,(-0.02971869667151884+0.1720648404640155j)
52,17,(-0.07218711403322953-0.034894895157498676j)
52,18,(-0.10582598200507327+0.15954601011179617j)
52,19,(0.00013276287926928897-0.06794435288361961j)
52,20,(-0.17523794418970756+0.1505847968133023j)
52,21,(-0.04371986732495085-0.053771335098285744j)
52,22,(-0.2955214483526727-0.06897646950731152j)
52,23,(-0.037518750863823225-0.0667178576100664j)
52,24,(-0.10261819346988674-0.1637796138060361j)
52,25,(-0.04965989526613591-0.03206459818644694j)
52,26,(0.006894602884453188-0.2201077964386788j)
52,27,(0.002624313831269535-0.050377254799458204j)
52,28,(0.20034609087088062-0.2142826703005269j)
52,29,(0.11412620459134162-0.12390405853964308j)
52,30,(0.10961944787612041-0.11293006585413831j)
52,31,(0.18608691663876195+0.02656241576118476j)
52,32,(0.18098251035935506-0.07776617507141223j)
52,33,(0.17768938734722975+0.21822545581104474j)
52,34,(0.23249203862111334-0.08910263980052557j)
52,35,(0.06100705124916272+0.2579390977693241j)
52,36,(0.2978966194057731+0.18155544341826294j)
52,37,(-0.047578996169658+0.021448472769925377j)
52,38,(0.12800072588361971+0.3367139289586252j)
52,39,(-0.05973875276606864+0.2520699889021052j)
52,40,(0.06147434972770975+0.15514287150163739j)
52,41,(-0.17369505265412258+0.3299039248363029j)
52,42,(0.09337724184022425+0.18048366702591637j)
52,43,(-0.386920356305447+0.08605859699745211j)
52,44,(0.02377654027879252+0.4047356908812533j)
52,45,(-0.111925346034979-0.002421732553936682j)
52,46,(-0.1518760682267895+0.021786304056468427j)
52,47,(-0.18237375821788385+0.12122888230619802j)
52,48,(0.335485732135183+0.17919192727534503j)
52,49,(0.2433686151237009-0.4113109840970467j)
52,50,(0.14665704850774688-0.254144993183265j)
52,51,(-0.029604434967762317-0.2875042659681946j)
52,52,(0.3302430887131475+0.3051510508114107j)
53,-53,(-0.2593489773120175-0.330556308780974j)
53,-52,(-0.1553682738943924+0.2558349263416433j)
53,-51,(-0.19825589941672878-0.09088980176110364j)
53,-50,(-0.1614859834888985-0.36598962530713025j)
53,-49,(0.390963282964224+0.2456370916141553j)
53,-48,(-0.5319985303134477-0.058929635278727875j)
53,-47,(-0.08797660423446764-0.09797061675978919j)
53,-46,(-0.24527118593439312-0.2082064657742146j)
53,-45,(0.12890777748722518-0.11723742691820264j)
53,-44,(-0.04813105916922179-0.061740767313866934j)
53,-43,(-0.001426979246274015+0.030919303588036427j)
53,-42,(-0.14500226378201325+0.002394351126728659j)
53,-41,(-0.0677005946856063-0.23405432600737117j)
53,-40,(-0.021226609298418415-0.2614273027705852j)
53,-39,(0.03186038306222036-0.3061111239076337j)
53,-38,(0.16743141064639688+0.0033966972057259694j)
53,-37,(0.092888758428967-0.21569204147078982j)
53,-36,(-0.05399722206589827+0.03397253183078432j)
53,-35,(0.03600022802924314-0.15805123856975628j)
53,-34,(-0.08290810559463134-0.07730544047262779j)
53,-33,(0.11688735559106594-0.06930238567102341j)
53,-32,(0.05260300262821654-0.17104795533104364j)
53,-31,(0.2521848349450864-0.05145963337977864j)
53,-30,(0.1338227264741107-0.011054706878152985j)
53,-29,(0.19995232934296292+0.07944662247525477j)
53,-28,(0.08101986776362526-0.03048190129454986j)
53,-27,(0.05140854362446916+0.16887284332443456j)
53,-26,(-0.008112961437964262+0.003166413167981807j)
53,-25,(-0.09421764731093563+0.12368142091317993j)
53,-24,(-0.03480927157285381-0.06918505515673413j)
53,-23,(-0.047654300148862225+0.01572772018178321j)
53,-22,(0.12864785015744454+0.05001430911696062j)
53,-21,(-0.01198563238558993+0.05338149930557216j)
53,-20,(0.07049061878956804+0.1367188845437577j)
53,-19,(-0.05097591472897378+0.03918187881713748j)
53,-18,(-0.07255821869451641+0.09058279219880937j)
53,-17,(-0.07958654134081078+0.10487545753364576j)
53,-16,(-0.1484909617795084+0.18566044866447234j)
53,-15,(-0.022179142078693995-0.020057816941958437j)
53,-14,(-0.09693910533362975+0.09532849829241162j)
53,-13,(-0.0680545884354263-0.0777383639034388j)
53,-12,(-0.0716459325563095-0.1060121617715169j)
53,-11,(-0.02936179860113787-0.044432901369988544j)
53,-10,(0.012421851901269584-0.020634462272242613j)
53,-9,(-0.12191886952534985-0.05089277309897514j)
53,-8,(0.021093296903005574+0.05694410691079781j)
53,-7,(-0.09821643268749113+0.03246444974959812j)
53,-6,(0.048944507376839926+0.02892049123391614j)
53,-5,(-0.025116406804013464-0.0042189319642609j)
53,-4,(0.022863470398652865+0.0660227629553303j)
53,-3,(-0.003651455341358921-0.03575982866167829j)
53,-2,(0.032597948371340016-0.06465607408519809j)
53,-1,(0.008382768492827855-0.02492005383289566j)
53,0,(-0.013360788675534538+0j)
53,1,(-0.008382768492827855-0.024920053832895653j)
53,2,(0.03259794837134001+0.06465607408519806j)
53,3,(0.003651455341358957-0.03575982866167827j)
53,4,(0.022863470398652875-0.06602276295533033j)
53,5,(0.02511640680401344-0.00421893196426091j)
53,6,(0.048944507376839926-0.02892049123391611j)
53,7,(0.09821643268749111+0.032464449749598126j)
53,8,(0.021093296903005557-0.05694410691079781j)
53,9,(0.1219188695253498-0.05089277309897514j)
53,10,(0.012421851901269605+0.02063446227224262j)
53,11,(0.02936179860113788-0.04443290136998852j)
53,12,(-0.0716459325563095+0.10601216177151686j)
53,13,(0.06805458843542633-0.07773836390343884j)
53,14,(-0.09693910533362976-0.09532849829241158j)
53,15,(0.022179142078693998-0.020057816941958427j)
53,16,(-0.14849096177950838-0.18566044866447232j)
53,17,(0.07958654134081075+0.10487545753364574j)
53,18,(-0.07255821869451644-0.09058279219880934j)
53,19,(0.05097591472897378+0.03918187881713748j)
53,20,(0.07049061878956807-0.1367188845437577j)
53,21,(0.011985632385589938+0.05338149930557212j)
53,22,(0.12864785015744457-0.05001430911696064j)
53,23,(0.04765430014886219+0.015727720181783224j)
53,24,(-0.03480927157285381+0.06918505515673415j)
53,25,(0.09421764731093563+0.12368142091317992j)
53,26,(-0.008112961437964267-0.0031664131679817837j)
53,27,(-0.05140854362446912+0.16887284332443456j)
53,28,(0.08101986776362521+0.03048190129454986j)
53,29,(-0.19995232934296284+0.07944662247525477j)
53,30,(0.13382272647411067+0.01105470687815297j)
53,31,(-0.2521848349450865-0.051459633379778644j)
53,32,(0.052603002628216544+0.17104795533104375j)
53,33,(-0.11688735559106599-0.06930238567102341j)
53,34,(-0.08290810559463133+0.07730544047262779j)
53,35,(-0.03600022802924313-0.15805123856975625j)
53,36,(-0.05399722206589826-0.03397253183078428j)
53,37,(-0.09288875842896699-0.21569204147078985j)
53,38,(0.16743141064639688-0.003396697205725985j)
53,39,(-0.03186038306222036-0.3061111239076337j)
53,40,(-0.021226609298418426+0.2614273027705852j)
53,41,(0.0677005946856063-0.23405432600737128j)
53,42,(-0.14500226378201317-0.002394351126728668j)
53,43,(0.0014269792462740175+0.030919303588036462j)
53,44,(-0.04813105916922179+0.061740767313866934j)
53,45,(-0.12890777748722518-0.11723742691820267j)
53,46,(-0.2452711859343932+0.20820646577421467j)
53,47,(0.08797660423446764-0.09797061675978923j)
53,48,(-0.5319985303134476+0.058929635278727875j)
53,49,(-0.39096328296422395+0.2456370916141553j)
53,50,(-0.16148598348889848+0.3659896253071302j)
53,51,(0.19825589941672878-0.09088980176110364j)
53,52,(-0.1553682738943923-0.25583492634164323j)
53,53,(0.2593489773120175-0.3305563087809739j)
54,-54,(-0.18363575967469029+0.3598688249888777j)
54,-53,(0.14969170140930435+0.23699725857776824j)
54,-52,(-0.15257429589906857-0.024889907305569284j)
54,-51,(0.32593179201142597+0.154820117235371j)
54,-50,(0.028072284268760014+0.3358015980925049j)
54,-49,(-0.35475468454223497+0.05830183061443503j)
54,-48,(0.21677691993830087-0.06112113453694183j)
54,-47,(-0.06799411561250551+0.07154643335130866j)
54,-46,(0.220324080055091+0.11148056867169731j)
54,-45,(-0.3382044842489997+0.18086225540250844j)
54,-44,(0.008990268254419165+0.2105645981323149j)
54,-43,(-0.42133123355505375-0.10195724668958493j)
54,-42,(0.06163401887873336+0.0016730809799027518j)
54,-41,(-0.11210053284449215-0.20796201586211893j)
54,-40,(0.01279359298803623+0.1842703258634848j)
54,-39,(-0.085871451859512-0.019380137547413648j)
54,-38,(-0.11289198006868942+0.15200631327728756j)
54,-37,(-0.08893743876432877-0.1066004130339298j)
54,-36,(-0.21920413023550234+0.039596484106653895j)
54,-35,(-0.062360776591470025-0.18522450428505813j)
54,-34,(-0.11505246134183589-0.052766548764972686j)
54,-33,(0.16534253726421483-0.19004910675061867j)
54,-32,(-0.08456607272256575-0.04584500893687137j)
54,-31,(0.03534290999704448+0.03971945757858324j)
54,-30,(-0.20851163639856582+0.004808457529297528j)
54,-29,(-0.002944844593091258+0.013279763458364676j)
54,-28,(-0.10617115830264581-0.1444568726981632j)
54,-27,(0.03047370668196779-0.05355113389610972j)
54,-26,(-0.07915837043006398-0.2698489900990914j)
54,-25,(0.013205029124235329+0.005045428920199619j)
54,-24,(0.017744073115696875-0.17699079695062397j)
54,-23,(0.12658787293742899+0.13887390454082324j)
54,-22,(0.07787331998076591-0.031032481548849716j)
54,-21,(-0.05869396004970881+0.12961777409885744j)
54,-20,(0.12151186514362683+0.0015340294069851003j)
54,-19,(-0.0318881194195141-0.017263390835954944j)
54,-18,(0.0962746917546157+0.029040571262847908j)
54,-17,(-0.03778898111667498-0.03409218486663995j)
54,-16,(0.08312345339358893+0.05238885036714612j)
54,-15,(-0.03144110413644981+0.03202253232474106j)
54,-14,(0.059395862418607566+0.09896617026609308j)
54,-13,(0.05003745936173951+0.014563112934423264j)
54,-12,(0.10363955608601745+0.09111641196388653j)
54,-11,(0.04221604331496179+0.06701386202258781j)
54,-10,(-0.13558496904147807+0.1586293666195715j)
54,-9,(0.04270864183932179+0.0491797875679189j)
54,-8,(-0.12433813398981589+0.08233922256773102j)
54,-7,(-0.0259182824547451+0.12732159609992721j)
54,-6,(-0.038643815055260614-0.0053712837495670865j)
54,-5,(-0.11007791388055252+0.03028482805835693j)
54,-4,(0.028429765953925608-0.04558327689116138j)
54,-3,(-0.045883751686630246+0.015540203264666031j)
54,-2,(0.07362413989587316-0.009276528487165741j)
54,-1,(-0.02023262926941329-0.04759073250837153j)
54,0,(0.026444304284879462+0j)
54,1,(0.0202326292694133-0.04759073250837155j)
54,2,(0.07362413989587316+0.009276528487165744j)
54,3,(0.04588375168663027+0.015540203264666031j)
54,4,(0.028429765953925618+0.04558327689116136j)
54,5,(0.11007791388055256+0.03028482805835694j)
54,6,(-0.038643815055260614+0.005371283749567086j)
54,7,(0.0259182824547451+0.12732159609992721j)
54,8,(-0.12433813398981589-0.08233922256773102j)
54,9,(-0.0427086418393218+0.04917978756791888j)
54,10,(-0.13558496904147807-0.15862936661957153j)
54,11,(-0.04221604331496181+0.06701386202258781j)
54,12,(0.10363955608601749-0.09111641196388655j)
54,13,(-0.050037459361739506+0.014563112934423259j)
54,14,(0.05939586241860758-0.0989661702660931j)
54,15,(0.031441104136449814+0.03202253232474108j)
54,16,(0.0831234533935889-0.05238885036714612j)
54,17,(0.03778898111667499-0.034092184866639966j)
54,18,(0.09627469175461566-0.029040571262847897j)
54,19,(0.0318881194195141-0.01726339083595498j)
54,20,(0.12151186514362687-0.0015340294069851196j)
54,21,(0.05869396004970881+0.12961777409885747j)
54,22,(0.0778733199807659+0.031032481548849727j)
54,23,(-0.12658787293742904+0.13887390454082318j)
54,24,(0.017744073115696916+0.17699079695062392j)
54,25,(-0.01320502912423535+0.005045428920199625j)
54,26,(-0.07915837043006398+0.2698489900990914j)
54,27,(-0.03047370668196775-0.05355113389610968j)
54,28,(-0.10617115830264581+0.1444568726981632j)
54,29,(0.0029448445930912452+0.013279763458364674j)
54,30,(-0.20851163639856582-0.004808457529297486j)
54,31,(-0.03534290999704445+0.03971945757858324j)
54,32,(-0.08456607272256579+0.04584500893687141j)
54,33,(-0.16534253726421488-0.1900491067506188j)
54,34,(-0.11505246134183594+0.05276654876497271j)
54,35,(0.062360776591470025-0.1852245042850581j)
54,36,(-0.2192041302355023-0.039596484106653874j)
54,37,(0.08893743876432877-0.1066004130339298j)
54,38,(-0.11289198006868943-0.15200631327728764j)
54,39,(0.08587145185951199-0.019380137547413658j)
54,40,(0.012793592988036236-0.1842703258634848j)
54,41,(0.11210053284449215-0.20796201586211888j)
54,42,(0.06163401887873339-0.0016730809799027026j)
54,43,(0.4213312335550533-0.10195724668958488j)
54,44,(0.008990268254419162-0.2105645981323149j)
54,45,(0.3382044842489998+0.18086225540250844j)
54,46,(0.220324080055091-0.11148056867169735j)
54,47,(0.06799411561250553+0.07154643335130864j)
54,48,(0.21677691993830095+0.06112113453694188j)
54,49,(0.354754684542235+0.05830183061443503j)
54,50,(0.028072284268760014-0.33580159809250487j)
54,51,(-0.3259317920114258+0.154820117235371j)
54,52,(-0.15257429589906848+0.024889907305569274j)
54,53,(-0.14969170140930438+0.2369972585777683j)
54,54,(-0.18363575967469029-0.3598688249888777j)
55,-55,(0.35479014825701033+0.17939210025436053j)
55,-54,(0.09303421601843849-0.27600279929487054j)
55,-53,(0.02341872623778185-0.029876120758441368j)
55,-52,(0.4156962946510664+0.03395672310324055j)
55,-51,(-0.3295306583861006+0.18471086896353897j)
55,-50,(0.18598940391939808-0.3060338633930267j)
55,-49,(0.1915027615214562+0.07147788969708169j)
55,-48,(0.22771955009609599+0.10419843631931534j)
55,-47,(-0.026769860548264746+0.21916078602255512j)
55,-46,(-0.09954851890927835+0.009988792025608166j)
55,-45,(-0.031157930742445963-0.11413528274454994j)
55,-44,(0.007969876227841646-0.06289748618198636j)
55,-43,(0.2906499781243477+0.07390081706861693j)
55,-42,(0.024386154880300336+0.11718213594833178j)
55,-41,(0.15697310309996007+0.3924414858007689j)
55,-40,(-0.1070947880673483+0.09571346812471214j)
55,-39,(0.063956664244811+0.2505258192742027j)
55,-38,(-0.05749589066085222-0.18808828539230293j)
55,-37,(0.02370557575246164+0.15891034702730905j)
55,-36,(0.13137583069573155-0.17048861669250065j)
55,-35,(-0.02557170497606638+0.2942592301047201j)
55,-34,(0.09965020107040627+0.0006877989945267523j)
55,-33,(-0.08011571130826163+0.22100971994898375j)
55,-32,(0.044804032495295014+0.01495553142128263j)
55,-31,(-0.3044037908012856+0.023920662264195595j)
55,-30,(0.02261155795084656+0.06554506561969188j)
55,-29,(-0.1741979035255677-0.1313749329522635j)
55,-28,(0.07448275203497111+0.06334033735865018j)
55,-27,(-0.06478384115435919-0.16440593704059228j)
55,-26,(0.05129621249384225+0.1403323061007716j)
55,-25,(0.004369297122550927-0.16286438847393694j)
55,-24,(-0.039410603442486675+0.18316564850471848j)
55,-23,(-0.07519908973114021-0.14337719102831314j)
55,-22,(-0.13023363849954958+0.0049715830823740615j)
55,-21,(0.07503503547969159-0.06782888599599868j)
55,-20,(-0.13248019735611308-0.07391366048987595j)
55,-19,(0.07542362425424952-0.11403402266335667j)
55,-18,(-0.059371562230246554-0.0962948799034766j)
55,-17,(0.11227327322368336-0.007137599322944331j)
55,-16,(0.07031149306468668-0.08859037307700474j)
55,-15,(-0.027963440361372677-0.0031702602475606055j)
55,-14,(0.043526706249975886-0.03753338667907755j)
55,-13,(-0.012685679681204159+0.06364190372392704j)
55,-12,(0.08267254816352657-0.006727785376790349j)
55,-11,(-0.05736786640248261+0.013243694313892752j)
55,-10,(0.06767302950886656+0.035187262992543426j)
55,-9,(0.032807100211821406+0.015493681986741554j)
55,-8,(0.008931081142059373+0.023172254065034738j)
55,-7,(0.08231287058335643-0.01099834604187141j)
55,-6,(-0.040237069770771454+0.01780551752819187j)
55,-5,(0.05995709116870658+0.029056241023460546j)
55,-4,(-0.041008752051825526+0.07280057778441282j)
55,-3,(0.04972399739858024+0.050043143423721084j)
55,-2,(0.00428064620759633+0.030151941280576775j)
55,-1,(0.044887619311588106+0.007492417451643967j)
55,0,(0.02593432539720837+0j)
55,1,(-0.044887619311588106+0.00749241745164397j)
55,2,(0.004280646207596351-0.03015194128057677j)
55,3,(-0.04972399739858026+0.050043143423721084j)
55,4,(-0.041008752051825526-0.07280057778441282j)
55,5,(-0.05995709116870659+0.029056241023460553j)
55,6,(-0.040237069770771475-0.01780551752819189j)
55,7,(-0.08231287058335644-0.01099834604187141j)
55,8,(0.008931081142059372-0.02317225406503472j)
55,9,(-0.03280710021182144+0.015493681986741522j)
55,10,(0.06767302950886658-0.035187262992543426j)
55,11,(0.05736786640248262+0.013243694313892766j)
55,12,(0.08267254816352654+0.006727785376790348j)
55,13,(0.012685679681204175+0.06364190372392704j)
55,14,(0.0435267062499759+0.03753338667907758j)
55,15,(0.027963440361372664-0.0031702602475606103j)
55,16,(0.07031149306468668+0.08859037307700474j)
55,17,(-0.11227327322368334-0.007137599322944344j)
55,18,(-0.05937156223024658+0.0962948799034766j)
55,19,(-0.07542362425424952-0.11403402266335665j)
55,20,(-0.13248019735611308+0.07391366048987597j)
55,21,(-0.07503503547969159-0.06782888599599866j)
55,22,(-0.13023363849954958-0.004971583082374067j)
55,23,(0.07519908973114024-0.14337719102831312j)
55,24,(-0.039410603442486696-0.18316564850471856j)
55,25,(-0.004369297122550927-0.16286438847393692j)
55,26,(0.05129621249384223-0.14033230610077158j)
55,27,(0.06478384115435919-0.16440593704059225j)
55,28,(0.07448275203497108-0.06334033735865015j)
55,29,(0.17419790352556777-0.13137493295226357j)
55,30,(0.022611557950846545-0.06554506561969192j)
55,31,(0.3044037908012856+0.023920662264195616j)
55,32,(0.04480403249529505-0.014955531421282628j)
55,33,(0.08011571130826167+0.22100971994898386j)
55,34,(0.09965020107040629-0.0006877989945267678j)
55,35,(0.02557170497606639+0.2942592301047202j)
55,36,(0.13137583069573153+0.17048861669250062j)
55,37,(-0.023705575752461638+0.15891034702730905j)
55,38,(-0.057495890660852256+0.18808828539230302j)
55,39,(-0.06395666424481099+0.2505258192742027j)
55,40,(-0.10709478806734826-0.0957134681247121j)
55,41,(-0.15697310309996007+0.39244148580076876j)
55,42,(0.024386154880300357-0.11718213594833177j)
55,43,(-0.29064997812434773+0.07390081706861695j)
55,44,(0.00796987622784162+0.06289748618198635j)
55,45,(0.03115793074244597-0.11413528274454994j)
55,46,(-0.09954851890927836-0.009988792025608182j)
55,47,(0.026769860548264746+0.2191607860225552j)
55,48,(0.22771955009609607-0.10419843631931539j)
55,49,(-0.1915027615214562+0.07147788969708171j)
55,50,(0.18598940391939814+0.3060338633930267j)
55,51,(0.3295306583861004+0.18471086896353897j)
55,52,(0.4156962946510664-0.03395672310324056j)
55,53,(-0.02341872623778183-0.029876120758441354j)
55,54,(0.09303421601843848+0.2760027992948705j)
55,55,(-0.3547901482570104+0.1793921002543606j)
56,-56,(0.10377051217620174-0.3886133244830832j)
56,-55,(-0.2575600080288684-0.12140801332071777j)
56,-54,(0.15403691100857875-0.11120913204787515j)
56,-53,(-0.1899027777759733+0.023667952960693295j)
56,-52,(-0.2524610408808652-0.2540959464189568j)
56,-51,(0.2558644793983893-0.42916324592829025j)
56,-50,(-0.09658105112190982+0.15575586115329185j)
56,-49,(0.11014325847073404-0.13134466783680318j)
56,-48,(-0.3487413097728224-0.0012929110049462872j)
56,-47,(0.1706287986143285-0.3269111180965889j)
56,-46,(-0.08874216196108958+0.021381113876455603j)
56,-45,(0.325752462733088-0.18916324011344768j)
56,-44,(0.14276786423080473+0.052156998512902286j)
56,-43,(0.19565257780082404-0.04949922790655901j)
56,-42,(-0.042050450890241495-0.05580227787532582j)
56,-41,(0.031162399564448412-0.0746385198506211j)
56,-40,(0.14998456738788885-0.20027620462298962j)
56,-39,(0.21691274508663838-0.06870579625866778j)
56,-38,(0.15515861281850654-0.12553496723975405j)
56,-37,(0.13064026877458945+0.049887453403146646j)
56,-36,(0.014163945398681106+0.0949582377338819j)
56,-35,(0.052829530268378784+0.1709046836515755j)
56,-34,(0.04669727071993957+0.02362462307193235j)
56,-33,(-0.054316412355489896-0.014174280998808573j)
56,-32,(0.0007359963319746571+0.02867430366022012j)
56,-31,(0.10609588701273204+0.06965586815748798j)
56,-30,(0.10194678505175558+0.058670341914861784j)
56,-29,(0.062305152783062374+0.08331510860769897j)
56,-28,(0.11838374053067924+0.08462120863912784j)
56,-27,(-0.03280031639828587+0.13826297198762358j)
56,-26,(0.02012488441980072+0.15429453910106103j)
56,-25,(-0.06239525881273425+0.07374962696667356j)
56,-24,(-0.0932580297091414-0.012466231612119976j)
56,-23,(-0.08165355428399759-0.05364300082447383j)
56,-22,(-0.03417837331068129-0.005125499488794088j)
56,-21,(-0.01569537733895254-0.11490053594738932j)
56,-20,(-0.003929679390702747-0.05551158798689929j)
56,-19,(-0.0747915056942664+0.0009548443475130791j)
56,-18,(-0.04042752399143155-0.028704113717211217j)
56,-17,(-0.03928925505174379+0.0020733435443906012j)
56,-16,(-0.11958579492475188-0.06060939925621505j)
56,-15,(-0.003567257961465252+0.03200515841238317j)
56,-14,(-0.051193576267260885-0.0070844363950605775j)
56,-13,(-0.029213724397244307+0.044194840187495456j)
56,-12,(-0.024593969642537784-0.07853923268506421j)
56,-11,(-0.003331061781593586-0.029361491135232155j)
56,-10,(0.06407477555330858-0.12147793476718605j)
56,-9,(-0.08501251198962825-0.012210474810303842j)
56,-8,(0.11690279959387175-0.14696435773790462j)
56,-7,(0.03496909068484054-0.021800212317528433j)
56,-6,(0.1004142282312448-0.009679741623576798j)
56,-5,(-0.03339187362073501-0.05181967365872908j)
56,-4,(0.035907259571546245+0.055701626533954336j)
56,-3,(-0.02319810539852461-0.01925657056341036j)
56,-2,(-0.06162879340606315+0.07443807262756139j)
56,-1,(0.03126183105004989-0.006237454349237819j)
56,0,(-0.05016193848858342+0j)
56,1,(-0.03126183105004988-0.006237454349237824j)
56,2,(-0.06162879340606315-0.07443807262756136j)
56,3,(0.02319810539852463-0.019256570563410368j)
56,4,(0.03590725957154622-0.05570162653395435j)
56,5,(0.03339187362073504-0.0518196736587291j)
56,6,(0.1004142282312448+0.009679741623576774j)
56,7,(-0.03496909068484054-0.021800212317528433j)
56,8,(0.11690279959387173+0.14696435773790462j)
56,9,(0.08501251198962824-0.01221047481030384j)
56,10,(0.06407477555330858+0.12147793476718605j)
56,11,(0.003331061781593581-0.029361491135232152j)
56,12,(-0.02459396964253778+0.07853923268506416j)
56,13,(0.029213724397244276+0.04419484018749544j)
56,14,(-0.051193576267260885+0.007084436395060623j)
56,15,(0.0035672579614652415+0.032005158412383154j)
56,16,(-0.11958579492475188+0.06060939925621508j)
56,17,(0.03928925505174382+0.0020733435443905913j)
56,18,(-0.04042752399143154+0.02870411371721122j)
56,19,(0.07479150569426643+0.0009548443475130894j)
56,20,(-0.003929679390702719+0.05551158798689929j)
56,21,(0.015695377338952547-0.11490053594738926j)
56,22,(-0.034178373310681305+0.005125499488794091j)
56,23,(0.08165355428399758-0.053643000824473853j)
56,24,(-0.09325802970914136+0.012466231612119981j)
56,25,(0.06239525881273423+0.07374962696667357j)
56,26,(0.020124884419800704-0.15429453910106097j)
56,27,(0.03280031639828584+0.13826297198762358j)
56,28,(0.11838374053067924-0.0846212086391278j)
56,29,(-0.062305152783062374+0.083315108607699j)
56,30,(0.10194678505175558-0.058670341914861764j)
56,31,(-0.10609588701273205+0.06965586815748798j)
56,32,(0.000735996331974683-0.02867430366022015j)
56,33,(0.054316412355489854-0.014174280998808547j)
56,34,(0.04669727071993959-0.023624623071932367j)
56,35,(-0.05282953026837879+0.17090468365157557j)
56,36,(0.01416394539868109-0.09495823773388197j)
56,37,(-0.13064026877458942+0.049887453403146625j)
56,38,(0.15515861281850654+0.12553496723975408j)
56,39,(-0.21691274508663846-0.0687057962586678j)
56,40,(0.14998456738788882+0.20027620462298962j)
56,41,(-0.03116239956444839-0.07463851985062103j)
56,42,(-0.04205045089024149+0.05580227787532578j)
56,43,(-0.1956525778008241-0.04949922790655901j)
56,44,(0.14276786423080476-0.052156998512902314j)
56,45,(-0.32575246273308767-0.18916324011344748j)
56,46,(-0.08874216196108958-0.021381113876455627j)
56,47,(-0.17062879861432856-0.3269111180965889j)
56,48,(-0.3487413097728224+0.001292911004946295j)
56,49,(-0.11014325847073404-0.1313446678368032j)
56,50,(-0.09658105112190982-0.1557558611532919j)
56,51,(-0.25586447939838947-0.42916324592829036j)
56,52,(-0.2524610408808652+0.2540959464189567j)
56,53,(0.18990277777597334+0.02366795296069326j)
56,54,(0.15403691100857875+0.11120913204787515j)
56,55,(0.25756000802886836-0.12140801332071768j)
56,56,(0.10377051217620174+0.38861332448308306j)
57,-57,(-0.36708081033615614+0.015894422744880236j)
57,-56,(-0.10039841424950763+0.2582881486512502j)
57,-55,(0.0020875355005476534+0.09475571823248616j)
57,-54,(-0.3138577154834516+0.2493123975037614j)
57,-53,(0.0964545262582353-0.2602315537306635j)
57,-52,(0.1035336573301445+0.2913262272493017j)
57,-51,(-0.1569323076671513+0.1461581742199289j)
57,-50,(-0.15788278194940406+0.047430016828640786j)
57,-49,(-0.14928412350300832-0.06393990412671627j)
57,-48,(-0.011204446698859645-0.17574958220758205j)
57,-47,(-0.051676790531982146-0.017434332221915674j)
57,-46,(0.06442838051164856+0.034621915047198096j)
57,-45,(-0.1368701549312887+0.1624449904196463j)
57,-44,(0.02386905390238007-0.07585094544261116j)
57,-43,(-0.35324585609746684-0.09822585535849428j)
57,-42,(0.02694541190255343-0.16525619499741148j)
57,-41,(-0.12011190803417794-0.20915783916862996j)
57,-40,(0.15597191297980748+0.02339868540681363j)
57,-39,(-0.06514500224491887-0.16352094151343557j)
57,-38,(-0.0795776243566684+0.15933815413009428j)
57,-37,(-0.18711824307552546-0.15545169677130155j)
57,-36,(-0.1269611415390857+0.14023913705757793j)
57,-35,(-0.028144867675726694-0.2870496139035553j)
57,-34,(-0.04987782266381702+0.004412735288424033j)
57,-33,(0.21929167917447762-0.20671237059873754j)
57,-32,(-0.01364618574479774+0.03461579840396924j)
57,-31,(0.26665432478364276-0.061603128323933685j)
57,-30,(-0.022427183758957293+0.05947719947933223j)
57,-29,(0.12534186226858157+0.06618165172098624j)
57,-28,(-0.09599928554117786-0.05922170951748057j)
57,-27,(0.1719135381359962+0.04491261750063039j)
57,-26,(-0.08526346293192952-0.016323123365961926j)
57,-25,(0.21071352042015407+0.04540179481986617j)
57,-24,(0.03487125373617954-0.10511594357298369j)
57,-23,(0.0337342468405607+0.14116143708026008j)
57,-22,(-0.009529546321511997-0.047264981452910644j)
57,-21,(0.006045512493822507+0.12286073080903158j)
57,-20,(0.08794006675356901+0.09325197027439595j)
57,-19,(-0.10907454932899298+0.07132446027045405j)
57,-18,(-0.018174001836652062-0.010562528940189568j)
57,-17,(-0.11590190600609061+0.014533369263262019j)
57,-16,(-0.0583562302374371+0.06829863969247835j)
57,-15,(0.052286778789426135-0.034382830656042286j)
57,-14,(-0.06469235760258915+0.05229850757078325j)
57,-13,(0.036491487967326215-0.06873009051620181j)
57,-12,(-0.07291088648022492+0.07648955468184357j)
57,-11,(-0.005843760214047062-0.011312813575911768j)
57,-10,(-0.13213500768192885+0.06832251315909436j)
57,-9,(-0.056799830699845226-0.019556987851455522j)
57,-8,(-0.07845763899359537-0.00619723632920836j)
57,-7,(-0.013092131292004067+0.054913625919898366j)
57,-6,(0.014067717585287966+0.04805343221288684j)
57,-5,(-0.05288983990192432+0.02203744768981777j)
57,-4,(0.005304480772657504-0.013778491966995278j)
57,-3,(-0.044166744821436045-0.010767785369577395j)
57,-2,(0.02126344135794536+0.0014720536175804157j)
57,-1,(-0.016818078469520322-0.039337214189908314j)
57,0,(0.019717564370719004+0j)
57,1,(0.016818078469520305-0.03933721418990831j)
57,2,(0.021263441357945362-0.0014720536175804105j)
57,3,(0.044166744821436045-0.010767785369577404j)
57,4,(0.005304480772657494+0.013778491966995304j)
57,5,(0.05288983990192434+0.02203744768981777j)
57,6,(0.014067717585287971-0.04805343221288683j)
57,7,(0.013092131292004103+0.05491362591989835j)
57,8,(-0.0784576389935954+0.006197236329208381j)
57,9,(0.05679983069984525-0.019556987851455508j)
57,10,(-0.13213500768192885-0.06832251315909438j)
57,11,(0.005843760214047036-0.011312813575911781j)
57,12,(-0.07291088648022491-0.07648955468184357j)
57,13,(-0.03649148796732623-0.06873009051620181j)
57,14,(-0.06469235760258911-0.052298507570783206j)
57,15,(-0.052286778789426135-0.0343828306560423j)
57,16,(-0.05835623023743708-0.06829863969247837j)
57,17,(0.11590190600609061+0.014533369263262036j)
57,18,(-0.018174001836652035+0.010562528940189548j)
57,19,(0.10907454932899294+0.07132446027045403j)
57,20,(0.08794006675356901-0.09325197027439591j)
57,21,(-0.006045512493822492+0.1228607308090316j)
57,22,(-0.00952954632151205+0.04726498145291062j)
57,23,(-0.03373424684056071+0.1411614370802601j)
57,24,(0.03487125373617951+0.10511594357298373j)
57,25,(-0.21071352042015407+0.04540179481986617j)
57,26,(-0.0852634629319295+0.01632312336596199j)
57,27,(-0.17191353813599614+0.044912617500630414j)
57,28,(-0.0959992855411779+0.059221709517480584j)
57,29,(-0.12534186226858154+0.06618165172098624j)
57,30,(-0.022427183758957272-0.05947719947933225j)
57,31,(-0.26665432478364287-0.06160312832393373j)
57,32,(-0.013646185744797737-0.03461579840396924j)
57,33,(-0.21929167917447764-0.20671237059873748j)
57,34,(-0.04987782266381703-0.004412735288424025j)
57,35,(0.02814486767572671-0.2870496139035555j)
57,36,(-0.12696114153908578-0.140239137057578j)
57,37,(0.1871182430755256-0.15545169677130163j)
57,38,(-0.07957762435666835-0.1593381541300942j)
57,39,(0.06514500224491886-0.16352094151343557j)
57,40,(0.15597191297980745-0.02339868540681362j)
57,41,(0.12011190803417794-0.2091578391686299j)
57,42,(0.026945411902553444+0.1652561949974115j)
57,43,(0.3532458560974667-0.09822585535849424j)
57,44,(0.02386905390238005+0.07585094544261115j)
57,45,(0.1368701549312888+0.16244499041964633j)
57,46,(0.06442838051164852-0.03462191504719808j)
57,47,(0.05167679053198213-0.01743433222191566j)
57,48,(-0.01120444669885964+0.17574958220758205j)
57,49,(0.14928412350300832-0.06393990412671627j)
57,50,(-0.15788278194940408-0.04743001682864078j)
57,51,(0.15693230766715136+0.146158174219929j)
57,52,(0.10353365733014445-0.2913262272493016j)
57,53,(-0.09645452625823529-0.2602315537306635j)
57,54,(-0.3138577154834513-0.24931239750376127j)
57,55,(-0.00208753550054762+0.09475571823248612j)
57,56,(-0.10039841424950763-0.2582881486512502j)
57,57,(0.36708081033615614+0.015894422744880246j)
58,-58,(0.04202012968998278+0.40311121710288833j)
58,-57,(0.37281255335504+0.012221305019477203j)
58,-56,(-0.0731332640801847+0.1074283194290356j)
58,-55,(0.018114607422721696-0.04491795831508819j)
58,-54,(0.19702188412978447-0.12543896371921356j)
58,-53,(0.08517125904817288+0.41896671653668555j)
58,-52,(-0.044466822462314134-0.10570504386775911j)
58,-51,(0.09082218265222708+0.06883965764593664j)
58,-50,(0.15858030158209582-0.1590041685732003j)
58,-49,(0.21771379458290357+0.3118034405302263j)
58,-48,(0.16108485757954133+0.0037542424258030513j)
58,-47,(-0.16454580946052888+0.30282474094065825j)
58,-46,(-0.02321210678646703+0.03508055031234149j)
58,-45,(-0.08821583747916253+0.046847638650913355j)
58,-44,(0.034079578096869685+0.030964448797322026j)
58,-43,(-0.013940526330136198+0.1390999868760856j)
58,-42,(0.0003461786187569241+0.1079453445575765j)
58,-41,(0.0626316722895752+0.2170564684526674j)
58,-40,(-0.09170429981913968+0.15441732766440971j)
58,-39,(-0.09706604990494987+0.13590462349900007j)
58,-38,(-0.06456988638459246-0.07547768432361578j)
58,-37,(-0.0633289587514189-0.029093694925354564j)
58,-36,(-0.032499407508015735-0.11965747989404182j)
58,-35,(0.012995243073348907+0.01736521639450673j)
58,-34,(0.03609079083577504-0.0706477185285856j)
58,-33,(-0.04740885814416594+0.1805272968997271j)
58,-32,(-0.08943090553068336-0.07861244094865295j)
58,-31,(-0.1116437382330434-0.08185355712023674j)
58,-30,(-0.07494725957128057-0.1255293641204939j)
58,-29,(-0.007136563500040128-0.1873542112649817j)
58,-28,(0.13046847295636385-0.09960888869631226j)
58,-27,(0.08285461789144564-0.0771644696704344j)
58,-26,(0.1260620004433832+0.03125295527724212j)
58,-25,(0.12639992883770865-0.0506029559635819j)
58,-24,(0.02298093572352746+0.053984212102982744j)
58,-23,(0.07551334144043056+0.02778078033761617j)
58,-22,(-0.024651432916948053+0.014915250853348392j)
58,-21,(0.05021819270525232+0.0283724051524079j)
58,-20,(0.06064568808087483-0.02928501551983028j)
58,-19,(0.08057330373476664-0.042322573180566446j)
58,-18,(0.04592695395826291-0.02247672784452771j)
58,-17,(0.06446577075310823+0.010185285987465013j)
58,-16,(0.11019082935373363-0.06207118794135023j)
58,-15,(0.0554879911591724+0.08655103193117926j)
58,-14,(0.07900843687549891-0.03706114532467758j)
58,-13,(-0.008054139680273839+0.08729841727611082j)
58,-12,(0.07608831439757914+0.17081697031059187j)
58,-11,(-0.07583079162231006+0.07638094904043383j)
58,-10,(-0.06697755446907347+0.08001381499609325j)
58,-9,(-0.011107352078541372-0.000838570662410249j)
58,-8,(-0.07931352924955214+0.0867918058847842j)
58,-7,(0.019881071077983727-0.03212887221574558j)
58,-6,(-0.05682102193913215-0.0747185380134106j)
58,-5,(0.06266102462167104+0.0005511601447652812j)
58,-4,(0.023111931542503492+0.01327060956222888j)
58,-3,(0.06233949093381276+0.016152506368611805j)
58,-2,(-0.02563308895403699-0.02563833049626776j)
58,-1,(0.03620021258357755+0.029397505216002585j)
58,0,(0.04343085741388588+0j)
58,1,(-0.03620021258357756+0.029397505216002585j)
58,2,(-0.025633088954036997+0.025638330496267764j)
58,3,(-0.06233949093381275+0.016152506368611805j)
58,4,(0.023111931542503513-0.013270609562228877j)
58,5,(-0.06266102462167106+0.0005511601447652812j)
58,6,(-0.05682102193913217+0.0747185380134106j)
58,7,(-0.019881071077983724-0.032128872215745584j)
58,8,(-0.07931352924955215-0.0867918058847842j)
58,9,(0.011107352078541372-0.0008385706624102619j)
58,10,(-0.06697755446907348-0.08001381499609325j)
58,11,(0.07583079162231002+0.0763809490404338j)
58,12,(0.07608831439757915-0.17081697031059187j)
58,13,(0.008054139680273844+0.08729841727611082j)
58,14,(0.0790084368754989+0.03706114532467763j)
58,15,(-0.05548799115917239+0.08655103193117922j)
58,16,(0.11019082935373364+0.06207118794135023j)
58,17,(-0.0644657707531082+0.01018528598746501j)
58,18,(0.04592695395826294+0.02247672784452774j)
58,19,(-0.08057330373476661-0.042322573180566425j)
58,20,(0.06064568808087481+0.02928501551983028j)
58,21,(-0.05021819270525232+0.028372405152407878j)
58,22,(-0.024651432916948067-0.014915250853348388j)
58,23,(-0.07551334144043054+0.027780780337616166j)
58,24,(0.022980935723527454-0.05398421210298273j)
58,25,(-0.12639992883770865-0.050602955963581914j)
58,26,(0.12606200044338328-0.03125295527724213j)
58,27,(-0.08285461789144567-0.07716446967043442j)
58,28,(0.13046847295636382+0.0996088886963122j)
58,29,(0.007136563500040096-0.18735421126498178j)
58,30,(-0.07494725957128055+0.1255293641204939j)
58,31,(0.11164373823304341-0.08185355712023672j)
58,32,(-0.08943090553068343+0.07861244094865298j)
58,33,(0.04740885814416594+0.18052729689972707j)
58,34,(0.03609079083577508+0.07064771852858563j)
58,35,(-0.012995243073348896+0.017365216394506715j)
58,36,(-0.032499407508015714+0.11965747989404188j)
58,37,(0.06332895875141893-0.029093694925354557j)
58,38,(-0.06456988638459248+0.07547768432361587j)
58,39,(0.09706604990494981+0.135904623499j)
58,40,(-0.09170429981913965-0.15441732766440966j)
58,41,(-0.06263167228957521+0.2170564684526674j)
58,42,(0.00034617861875691896-0.1079453445575765j)
58,43,(0.013940526330136229+0.1390999868760856j)
58,44,(0.034079578096869685-0.03096444879732199j)
58,45,(0.08821583747916249+0.04684763865091337j)
58,46,(-0.023212106786467047-0.03508055031234149j)
58,47,(0.1645458094605287+0.302824740940658j)
58,48,(0.16108485757954133-0.0037542424258030617j)
58,49,(-0.2177137945829036+0.31180344053022635j)
58,50,(0.15858030158209582+0.15900416857320035j)
58,51,(-0.09082218265222711+0.06883965764593664j)
58,52,(-0.044466822462314114+0.10570504386775913j)
58,53,(-0.08517125904817288+0.41896671653668555j)
58,54,(0.19702188412978439+0.12543896371921345j)
58,55,(-0.018114607422721665-0.04491795831508818j)
58,56,(-0.07313326408018471-0.10742831942903563j)
58,57,(-0.37281255335504004+0.012221305019477198j)
58,58,(0.04202012968998277-0.40311121710288833j)
59,-59,(0.40834618725188176-0.028167362069622004j)
59,-58,(-0.09487046121844629-0.20621168832166742j)
59,-57,(0.037364989231607054-0.017098687307542597j)
59,-56,(0.05414039384398033-0.41533621822030536j)
59,-55,(0.20744846138466447+0.14441045359876287j)
59,-54,(-0.10006192566425501-0.0020046629485088283j)
59,-53,(-0.03661890337384389-0.20801617052343604j)
59,-52,(0.19498717950609118-0.16546909215200045j)
59,-51,(0.19849253575423073-0.07925862792103003j)
59,-50,(0.20223150951782504+0.16191442460887448j)
59,-49,(-0.06234929221359782-0.11551528151429254j)
59,-48,(-0.0284434563118532+0.12490005716521536j)
59,-47,(0.16962118885391683-0.3152257691990811j)
59,-46,(0.09428618122306208+0.06923750460949281j)
59,-45,(0.36676559419125637-0.11744420580087084j)
59,-44,(0.031371457455427874+0.24429719465554678j)
59,-43,(0.1322619683524182+0.011787350098744712j)
59,-42,(-0.10884732026109192+0.0886722867943724j)
59,-41,(0.09061956254931748-0.00044776229572632736j)
59,-40,(-0.05489566162381829-0.07452732126106609j)
59,-39,(0.24484288357576028+0.021454387325121296j)
59,-38,(-0.03452102086154606-0.06214629599197808j)
59,-37,(0.11512437504206+0.14601673809394927j)
59,-36,(-0.0033989930110495865+0.03472797848977237j)
59,-35,(-0.07511911516363887+0.2360949307477664j)
59,-34,(-0.09925403498899792-0.04558922076834628j)
59,-33,(-0.20290122621555545+0.14478717696729895j)
59,-32,(-0.033615728596115-0.09374449695185806j)
59,-31,(-0.04660045925561699+0.05008552162889154j)
59,-30,(-0.004084506202867409-0.031354803095069286j)
59,-29,(-0.02569023255764833+0.07275618319804851j)
59,-28,(0.0917458622471197+0.00571124221538953j)
59,-27,(-0.06973038106675619+0.06770507999804569j)
59,-26,(0.022090295308906722+0.0895863348469104j)
59,-25,(-0.11909536410975202-0.05860505214328445j)
59,-24,(0.015449134370685987+0.02258655756041888j)
59,-23,(-0.13879042706519368-0.12982187777717286j)
59,-22,(0.0398253220316618-0.011486456331882973j)
59,-21,(0.03055213749353348-0.14643557382801076j)
59,-20,(-0.013067695949834502+0.04302538328247898j)
59,-19,(0.09858269931632897-0.07459718579309164j)
59,-18,(-0.019275932806358528-0.010289709275633701j)
59,-17,(0.07668088710743663-0.018316810860895427j)
59,-16,(-0.0026572103263849305-0.05240925487296891j)
59,-15,(0.0797218693292568+0.09393227588559701j)
59,-14,(-0.007302015696655567-0.039825017491886626j)
59,-13,(-0.07472200661765033+0.08708185333400277j)
59,-12,(0.014800005625338999-0.1069550753911829j)
59,-11,(0.014187899129262741+0.03537917195119461j)
59,-10,(0.09590520677043578-0.07702607221206173j)
59,-9,(-0.02613629854250701+0.008748911375371628j)
59,-8,(0.06441335929107084+0.015587493344877159j)
59,-7,(0.018362579602835154-0.02064610230868067j)
59,-6,(0.08188278416227301-0.009288166730387475j)
59,-5,(0.04253320437050377-0.04134012347451978j)
59,-4,(-0.048241003831830054+0.022526058679742694j)
59,-3,(0.0685676773616445-0.007836739476402312j)
59,-2,(-0.035944223383737914+0.052196358547825714j)
59,-1,(0.02970512782931785+0.025404222239322177j)
59,0,(-0.07857935656424651+0j)
59,1,(-0.029705127829317834+0.025404222239322146j)
59,2,(-0.03594422338373792-0.052196358547825734j)
59,3,(-0.0685676773616445-0.007836739476402326j)
59,4,(-0.048241003831830075-0.022526058679742694j)
59,5,(-0.04253320437050377-0.04134012347451979j)
59,6,(0.08188278416227303+0.009288166730387478j)
59,7,(-0.018362579602835175-0.02064610230868067j)
59,8,(0.06441335929107084-0.015587493344877143j)
59,9,(0.026136298542507014+0.008748911375371617j)
59,10,(0.09590520677043576+0.07702607221206174j)
59,11,(-0.014187899129262778+0.03537917195119461j)
59,12,(0.014800005625338999+0.10695507539118289j)
59,13,(0.07472200661765034+0.08708185333400277j)
59,14,(-0.00730201569665558+0.03982501749188664j)
59,15,(-0.0797218693292568+0.09393227588559701j)
59,16,(-0.0026572103263849357+0.05240925487296893j)
59,17,(-0.07668088710743666-0.018316810860895427j)
59,18,(-0.01927593280635851+0.010289709275633685j)
59,19,(-0.098582699316329-0.07459718579309164j)
59,20,(-0.013067695949834512-0.04302538328247896j)
59,21,(-0.030552137493533485-0.14643557382801076j)
59,22,(0.03982532203166182+0.011486456331882961j)
59,23,(0.13879042706519365-0.12982187777717277j)
59,24,(0.015449134370685997-0.022586557560418885j)
59,25,(0.119095364109752-0.058605052143284445j)
59,26,(0.02209029530890671-0.08958633484691042j)
59,27,(0.06973038106675619+0.06770507999804566j)
59,28,(0.0917458622471197-0.005711242215389496j)
59,29,(0.02569023255764829+0.07275618319804844j)
59,30,(-0.00408450620286742+0.03135480309506929j)
59,31,(0.04660045925561705+0.050085521628891516j)
59,32,(-0.03361572859611502+0.09374449695185803j)
59,33,(0.2029012262155555+0.14478717696729895j)
59,34,(-0.09925403498899796+0.04558922076834632j)
59,35,(0.07511911516363885+0.23609493074776644j)
59,36,(-0.003398993011049541-0.03472797848977234j)
59,37,(-0.1151243750420601+0.14601673809394938j)
59,38,(-0.03452102086154606+0.06214629599197808j)
59,39,(-0.24484288357576042+0.02145438732512132j)
59,40,(-0.05489566162381824+0.07452732126106609j)
59,41,(-0.09061956254931748-0.00044776229572632476j)
59,42,(-0.10884732026109192-0.08867228679437236j)
59,43,(-0.1322619683524182+0.011787350098744707j)
59,44,(0.03137145745542786-0.24429719465554678j)
59,45,(-0.36676559419125626-0.1174442058008708j)
59,46,(0.09428618122306208-0.06923750460949281j)
59,47,(-0.1696211888539168-0.3152257691990811j)
59,48,(-0.028443456311853178-0.12490005716521532j)
59,49,(0.06234929221359782-0.11551528151429251j)
59,50,(0.20223150951782504-0.16191442460887437j)
59,51,(-0.1984925357542308-0.07925862792103006j)
59,52,(0.1949871795060911+0.1654690921520004j)
59,53,(0.036618903373843895-0.20801617052343604j)
59,54,(-0.10006192566425501+0.0020046629485087997j)
59,55,(-0.20744846138466455+0.14441045359876287j)
59,56,(0.05414039384398033+0.41533621822030525j)
59,57,(-0.037364989231607075-0.01709868730754259j)
59,58,(-0.09487046121844629+0.20621168832166742j)
59,59,(-0.40834618725188176-0.02816736206962203j)
60,-60,(-0.21171307904384162-0.21380785094411042j)
60,-59,(-0.32814928378901476+0.09589062806341195j)
60,-58,(-0.12083560692197058-0.05474334083308016j)
60,-57,(-0.026575792119009987-0.03786029939629153j)
60,-56,(-0.04563090453389379+0.22544551102440072j)
60,-55,(-0.3395273113562342-0.28867979510490666j)
60,-54,(0.1605972662662416-0.13457822874720815j)
60,-53,(-0.09276823960362968-0.08559911797537535j)
60,-52,(0.02560838448960503+0.137739753206777j)
60,-51,(-0.2291060132314185-0.10123429931857206j)
60,-50,(-0.17418729738105426-0.018696767046352532j)
60,-49,(-0.04675855816442971-0.21655756505877155j)
60,-48,(0.11109433039050913-0.12390345541008962j)
60,-47,(0.08026153100941763-0.07774005314647187j)
60,-46,(0.027908728353021363-0.031819926812734385j)
60,-45,(0.037088902241500694+0.015637917920235708j)
60,-44,(-0.03651152183827035-0.12876752415714987j)
60,-43,(-0.11952370002058345-0.0369053220143502j)
60,-42,(0.03206361998001772-0.19533982935768932j)
60,-41,(-0.05800086959476384-0.06740122922825786j)
60,-40,(0.2218648555194549-0.08811495334410378j)
60,-39,(-0.0013788367740893326+0.003399102668904683j)
60,-38,(0.15966229577491303+0.0782545973344228j)
60,-37,(-0.10118447529542651-0.043234817157520575j)
60,-36,(-0.017022790260362738+0.07008040545391632j)
60,-35,(-0.03388908095676157-0.13718907482041356j)
60,-34,(0.11280867714929696+0.043236921210505326j)
60,-33,(0.07311383515370132-0.15831406355640226j)
60,-32,(0.05382445029699722+0.16652248088771918j)
60,-31,(0.1797945170850744-0.02783392198454085j)
60,-30,(-0.021295897482959247+0.1268971495474726j)
60,-29,(0.07441856133287267+0.05135835681161284j)
60,-28,(-0.014452830725472446+0.044858133575147154j)
60,-27,(0.10466849120980927+0.11395402241877108j)
60,-26,(-0.07274091334250644-0.019201468073081145j)
60,-25,(-0.059915775371602274+0.08810776598069124j)
60,-24,(0.004128108328171723-0.10597257708014768j)
60,-23,(0.05964895978102105+0.11748288841249278j)
60,-22,(-0.0834377780617149+0.04003382877836947j)
60,-21,(-0.047347566720609774+0.06762668119162837j)
60,-20,(0.014188561984881979+0.029220819040448997j)
60,-19,(-0.08324234046235347+0.07716680950395595j)
60,-18,(-0.06438265370582304+0.0732612158263754j)
60,-17,(-0.10523071643540537-0.01508973606935404j)
60,-16,(-0.059563133183022685-0.051390576703161425j)
60,-15,(-0.07755887647831139-0.004434972839285209j)
60,-14,(-0.055262732840929384-0.007512162501469363j)
60,-13,(-0.020879144038964577-0.12242087430142035j)
60,-12,(0.009465499017222087-0.08852373166835115j)
60,-11,(0.021655962842486543-0.017477624486920675j)
60,-10,(-0.014440752642669889-0.02180260191122524j)
60,-9,(0.017529134229894446-0.06051561296657017j)
60,-8,(0.0453876264933981+0.010376876437729181j)
60,-7,(0.01511774261665511+0.04531033840757146j)
60,-6,(0.0015948155045624117+0.017917191385370967j)
60,-5,(-0.07071251150147734+0.027714914205214998j)
60,-4,(0.05225914768449041-0.002893519181706363j)
60,-3,(-0.047493095230511+0.03209746502973096j)
60,-2,(-0.0119375185026368-0.03862524827941534j)
60,-1,(-0.0398410088189362+0.016404877223968585j)
60,0,(0.03458724004201482+0j)
60,1,(0.039841008818936194+0.01640487722396861j)
60,2,(-0.01193751850263679+0.038625248279415346j)
60,3,(0.04749309523051098+0.032097465029730966j)
60,4,(0.05225914768449041+0.0028935191817063602j)
60,5,(0.07071251150147731+0.027714914205214995j)
60,6,(0.0015948155045624065-0.01791719138537099j)
60,7,(-0.015117742616655163+0.04531033840757146j)
60,8,(0.04538762649339811-0.010376876437729202j)
60,9,(-0.017529134229894435-0.06051561296657016j)
60,10,(-0.0144407526426699+0.021802601911225215j)
60,11,(-0.02165596284248655-0.017477624486920678j)
60,12,(0.009465499017222101+0.08852373166835115j)
60,13,(0.02087914403896458-0.12242087430142035j)
60,14,(-0.05526273284092939+0.007512162501469386j)
60,15,(0.07755887647831138-0.004434972839285198j)
60,16,(-0.05956313318302267+0.051390576703161404j)
60,17,(0.1052307164354053-0.015089736069353998j)
60,18,(-0.06438265370582301-0.0732612158263754j)
60,19,(0.0832423404623535+0.07716680950395596j)
60,20,(0.014188561984881975-0.029220819040449028j)
60,21,(0.047347566720609774+0.06762668119162836j)
60,22,(-0.0834377780617149-0.040033828778369446j)
60,23,(-0.05964895978102103+0.11748288841249271j)
60,24,(0.004128108328171739+0.10597257708014766j)
60,25,(0.05991577537160228+0.08810776598069125j)
60,26,(-0.07274091334250644+0.01920146807308115j)
60,27,(-0.10466849120980927+0.11395402241877108j)
60,28,(-0.01445283072547243-0.044858133575147174j)
60,29,(-0.07441856133287271+0.05135835681161284j)
60,30,(-0.021295897482959236-0.1268971495474726j)
60,31,(-0.17979451708507435-0.027833921984540842j)
60,32,(0.0538244502969972-0.16652248088771918j)
60,33,(-0.0731138351537013-0.15831406355640226j)
60,34,(0.11280867714929696-0.04323692121050537j)
60,35,(0.03388908095676157-0.13718907482041356j)
60,36,(-0.01702279026036276-0.07008040545391633j)
60,37,(0.10118447529542651-0.04323481715752057j)
60,38,(0.1596622957749131-0.07825459733442289j)
60,39,(0.0013788367740893222+0.003399102668904714j)
60,40,(0.22186485551945498+0.0881149533441038j)
60,41,(0.05800086959476387-0.06740122922825782j)
60,42,(0.03206361998001773+0.19533982935768932j)
60,43,(0.11952370002058345-0.0369053220143502j)
60,44,(-0.03651152183827036+0.12876752415714982j)
60,45,(-0.037088902241500674+0.015637917920235708j)
60,46,(0.027908728353021342+0.031819926812734385j)
60,47,(-0.08026153100941764-0.07774005314647188j)
60,48,(0.11109433039050914+0.12390345541008962j)
60,49,(0.046758558164429705-0.2165575650587713j)
60,50,(-0.17418729738105426+0.018696767046352494j)
60,51,(0.2291060132314184-0.10123429931857202j)
60,52,(0.025608384489605-0.13773975320677698j)
60,53,(0.09276823960362968-0.08559911797537534j)
60,54,(0.16059726626624168+0.13457822874720818j)
60,55,(0.3395273113562343-0.28867979510490666j)
60,56,(-0.04563090453389378-0.22544551102440064j)
60,57,(0.026575792119009976-0.03786029939629152j)
60,58,(-0.12083560692197058+0.05474334083308018j)
60,59,(0.32814928378901476+0.09589062806341195j)
60,60,(-0.21171307904384146+0.21380785094411026j)
61,-61,(-0.2788739957140408+0.1458144131784082j)
61,-60,(0.09666679949147736+0.2929720317953658j)
61,-59,(-0.023199646090497846-0.051493706124871544j)
61,-58,(0.18944773366716186+0.3149604058850538j)
61,-57,(-0.11310547077531485+0.07566634095528812j)
61,-56,(-0.03209516053200114-0.10016567810331942j)
61,-55,(0.12579071764830632+0.10048885588723734j)
61,-54,(-0.14380348786468788+0.13726134780052507j)
61,-53,(0.07813119164468968+0.1846936270459593j)
61,-52,(-0.23208290373343546-0.05455455925906467j)
61,-51,(0.1113862379256061-0.03140422448062958j)
61,-50,(-0.11916996536093657-0.019201586645966707j)
61,-49,(0.10998505591887094+0.17725934640153307j)
61,-48,(-0.11244067810146127+0.020094939698526014j)
61,-47,(-0.11051857495249934+0.21494442946723719j)
61,-46,(-0.1619932132410655-0.12414072890079501j)
61,-45,(-0.16113436869804562+0.019676154707643098j)
61,-44,(-0.006370312891352242-0.1258970899908789j)
61,-43,(-0.08902594199537534+0.01560877522995149j)
61,-42,(0.030901001028550916-0.028262429813745476j)
61,-41,(-0.041463884902469314+0.16273764254371306j)
61,-40,(-0.029269111472023882+0.09397276128369553j)
61,-39,(-0.07384150066338824-0.03592635826694671j)
61,-38,(-0.04307645743973661-0.0768398441373945j)
61,-37,(-0.07425975743519353-0.16828113470287065j)
61,-36,(-0.012832540472392302-0.0523587401565656j)
61,-35,(0.031152702885869254-0.14550127730168594j)
61,-34,(-0.016435062067891745+0.028687310231877178j)
61,-33,(-0.02562516680397195-0.15402099480226525j)
61,-32,(-0.012035326363794025+0.17122659589482525j)
61,-31,(0.0333979307787135-0.05893604207993014j)
61,-30,(-0.052585059723578395+0.004735184114393724j)
61,-29,(0.02242207273746396-0.10057218620506096j)
61,-28,(-0.017475564475587433+0.01799082626169924j)
61,-27,(0.1343172426937731-0.029388051098358577j)
61,-26,(-0.056306067801809495+0.014852248364341649j)
61,-25,(0.11456048706298627+0.04417595073984116j)
61,-24,(-0.011225793127736208+0.04856379422786269j)
61,-23,(0.11676880839227445+0.09384342247646103j)
61,-22,(-0.04059635269876111+0.07320033873540371j)
61,-21,(0.009811494679996341+0.10835997089165116j)
61,-20,(-0.015068198494201138+0.07690306244058932j)
61,-19,(-0.01238715232436999+0.0213803972768811j)
61,-18,(0.03522273849271539-0.018930409034356523j)
61,-17,(-0.038908924265541225+0.009893907996230031j)
61,-16,(0.08419094020655159+0.0880793953647822j)
61,-15,(-0.09812199218680166+0.03730177592670245j)
61,-14,(0.0767645678567856+0.026596056355327184j)
61,-13,(0.016540700449294076+0.053827639460025015j)
61,-12,(0.02499546767055056+0.06676527789177615j)
61,-11,(-0.02365066048487881+0.004456669909709944j)
61,-10,(-0.10544813721857779+0.09812598780181538j)
61,-9,(-0.011060667121990542-0.08225889193794449j)
61,-8,(-0.10342403300548447+0.06346111994450329j)
61,-7,(-0.0094836356446937-0.04118659859950684j)
61,-6,(-0.08096799990022308-0.004147687111824316j)
61,-5,(-0.015113918092965247-0.016245631390260456j)
61,-4,(0.008028796590259549-0.07133201461780568j)
61,-3,(0.03311177223183272-0.10200238639987j)
61,-2,(0.03652798193165112-0.08844751601060966j)
61,-1,(0.023085354297505134+0.02383310317451205j)
61,0,(0.09987032324638431+0j)
61,1,(-0.023085354297505144+0.02383310317451206j)
61,2,(0.03652798193165112+0.08844751601060964j)
61,3,(-0.03311177223183271-0.10200238639987003j)
61,4,(0.008028796590259547+0.07133201461780567j)
61,5,(0.015113918092965228-0.016245631390260456j)
61,6,(-0.08096799990022309+0.004147687111824306j)
61,7,(0.0094836356446937-0.04118659859950684j)
61,8,(-0.10342403300548451-0.0634611199445033j)
61,9,(0.011060667121990555-0.0822588919379445j)
61,10,(-0.1054481372185778-0.09812598780181538j)
61,11,(0.023650660484878808+0.004456669909709936j)
61,12,(0.02499546767055056-0.06676527789177616j)
61,13,(-0.016540700449294062+0.053827639460025015j)
61,14,(0.0767645678567856-0.02659605635532718j)
61,15,(0.09812199218680169+0.037301775926702474j)
61,16,(0.08419094020655156-0.08807939536478218j)
61,17,(0.0389089242655412+0.009893907996230031j)
61,18,(0.0352227384927154+0.01893040903435646j)
61,19,(0.012387152324369951+0.021380397276881097j)
61,20,(-0.01506819849420115-0.07690306244058932j)
61,21,(-0.009811494679996324+0.10835997089165116j)
61,22,(-0.04059635269876111-0.07320033873540371j)
61,23,(-0.11676880839227441+0.09384342247646096j)
61,24,(-0.011225793127736203-0.04856379422786269j)
61,25,(-0.11456048706298627+0.04417595073984116j)
61,26,(-0.056306067801809495-0.014852248364341649j)
61,27,(-0.13431724269377304-0.029388051098358584j)
61,28,(-0.017475564475587426-0.017990826261699264j)
61,29,(-0.02242207273746396-0.10057218620506103j)
61,30,(-0.052585059723578416-0.004735184114393718j)
61,31,(-0.0333979307787135-0.058936042079930154j)
61,32,(-0.012035326363794036-0.17122659589482525j)
61,33,(0.02562516680397201-0.15402099480226528j)
61,34,(-0.01643506206789176-0.02868731023187716j)
61,35,(-0.031152702885869275-0.1455012773016861j)
61,36,(-0.012832540472392323+0.05235874015656559j)
61,37,(0.07425975743519356-0.16828113470287065j)
61,38,(-0.04307645743973663+0.0768398441373945j)
61,39,(0.0738415006633882-0.0359263582669467j)
61,40,(-0.029269111472023907-0.09397276128369556j)
61,41,(0.04146388490246933+0.16273764254371317j)
61,42,(0.030901001028550916+0.02826242981374549j)
61,43,(0.08902594199537531+0.01560877522995149j)
61,44,(-0.00637031289135225+0.1258970899908789j)
61,45,(0.1611343686980456+0.019676154707643098j)
61,46,(-0.1619932132410655+0.12414072890079494j)
61,47,(0.11051857495249934+0.2149444294672372j)
61,48,(-0.11244067810146124-0.020094939698526007j)
61,49,(-0.10998505591887094+0.17725934640153304j)
61,50,(-0.11916996536093653+0.019201586645966665j)
61,51,(-0.1113862379256061-0.03140422448062958j)
61,52,(-0.23208290373343546+0.05455455925906466j)
61,53,(-0.07813119164468971+0.18469362704595935j)
61,54,(-0.1438034878646879-0.13726134780052512j)
61,55,(-0.1257907176483063+0.10048885588723737j)
61,56,(-0.03209516053200113+0.10016567810331946j)
61,57,(0.11310547077531485+0.07566634095528814j)
61,58,(0.18944773366716186-0.3149604058850538j)
61,59,(0.023199646090497822-0.05149370612487152j)
61,60,(0.09666679949147733-0.2929720317953658j)
61,61,(0.27887399571404076+0.14581441317840818j)
62,-62,(0.19743634700613882+0.1508818293944175j)
62,-61,(0.11165772476574379-0.17460580832454373j)
62,-60,(0.14790369691023922+0.05755174098824464j)
62,-59,(0.13324361068251583+0.05837645063000507j)
62,-58,(-0.15463804505208376-0.229923099290199j)
62,-57,(0.41918934740943553-0.06514063933047742j)
62,-56,(0.012347565540322134+0.16605327574608525j)
62,-55,(0.07354359791941859+0.07607680153295701j)
62,-54,(-0.07655606286302682-0.048263392360107765j)
62,-53,(0.17996364056112038-0.08439443405073035j)
62,-52,(0.18924621368213476-0.049782114612583826j)
62,-51,(0.13486198063238306+0.035973599909989364j)
62,-50,(0.16435901151040605+0.14660737944775018j)
62,-49,(-0.10998239327645418+0.0054898388676242575j)
62,-48,(0.036095652328200056+0.10355493320856612j)
62,-47,(-0.036103317198541554-0.1301957477929283j)
62,-46,(0.07688909493907982+0.19320068716772515j)
62,-45,(0.1263906122938481-0.003819299080995791j)
62,-44,(-0.039381104358136+0.2378600156672859j)
62,-43,(0.07248222372669137+0.008060818795994778j)
62,-42,(-0.14728861606985572+0.2677062905687603j)
62,-41,(0.019544852537970576+0.008087840799835742j)
62,-40,(-0.10979675056565763+0.11165951269411073j)
62,-39,(0.1091475809596753-0.050956791530825676j)
62,-38,(-0.026559975448208005+0.021928347678987055j)
62,-37,(0.09272638480386858+0.07888960001586755j)
62,-36,(-0.16643344061891235-0.011429928330186528j)
62,-35,(-0.003730255430307212+0.16748086858871217j)
62,-34,(-0.11988104671165249-0.05462273830038044j)
62,-33,(-0.11065536913480971+0.10778738151115907j)
62,-32,(-0.13175247186526332-0.06694387053453457j)
62,-31,(-0.08785954830432481-0.011863344683292481j)
62,-30,(0.05411151439542419-0.1879229351787476j)
62,-29,(-0.08858763354726208-0.007802558576188025j)
62,-28,(0.18202190782868943-0.12548715958214043j)
62,-27,(-0.0038646240813774166+0.006751669707817398j)
62,-26,(0.12807988594984274-0.027087517542347537j)
62,-25,(-0.07606464923723917-0.06729844464152272j)
62,-24,(-0.021399691129085005+0.02581990586397391j)
62,-23,(0.05160113362328195-0.006138146165841083j)
62,-22,(0.05347898423756628+0.019375236022015945j)
62,-21,(0.04951528242867886-0.09146187630548812j)
62,-20,(-0.02193163014746541-0.03813203920010128j)
62,-19,(0.13781817668238425-0.1132173675098709j)
62,-18,(-0.024622667784241374-0.024658700591898234j)
62,-17,(0.12956106279553536-0.00881379753703098j)
62,-16,(0.005861991060348572+0.016986748016807027j)
62,-15,(0.052022233175131265+0.06417791687405781j)
62,-14,(-0.01495071782336073+0.029153108621698603j)
62,-13,(0.060256587139256024+0.0736497628194111j)
62,-12,(-0.020330443490086635-0.03209885379347773j)
62,-11,(-0.045146053473220676+0.06271067745301558j)
62,-10,(0.02643294436492086-0.01840111173494421j)
62,-9,(-0.023878839996132356-0.030034607861955304j)
62,-8,(0.008966226605451188+0.04107357340602102j)
62,-7,(0.07330016136377485+0.0014808605707558292j)
62,-6,(0.05950735686455505-0.03027164319310561j)
62,-5,(0.062262042360179515-0.010175513259829625j)
62,-4,(-0.016514291355258642+0.050518363341116014j)
62,-3,(0.056872879092306025-0.020462396642360825j)
62,-2,(-0.029477515507434722+0.05248486491725218j)
62,-1,(-0.028501625254408854+0.007269525868639035j)
62,0,(-0.0477353078448812+0j)
62,1,(0.028501625254408833+0.007269525868639035j)
62,2,(-0.029477515507434722-0.052484864917252204j)
62,3,(-0.05687287909230601-0.020462396642360818j)
62,4,(-0.016514291355258642-0.050518363341116014j)
62,5,(-0.06226204236017953-0.010175513259829612j)
62,6,(0.05950735686455505+0.03027164319310562j)
62,7,(-0.07330016136377483+0.001480860570755822j)
62,8,(0.008966226605451183-0.04107357340602103j)
62,9,(0.023878839996132366-0.030034607861955304j)
62,10,(0.02643294436492085+0.018401111734944218j)
62,11,(0.04514605347322068+0.06271067745301556j)
62,12,(-0.02033044349008663+0.03209885379347774j)
62,13,(-0.060256587139256045+0.07364976281941112j)
62,14,(-0.014950717823360733-0.029153108621698565j)
62,15,(-0.052022233175131265+0.06417791687405781j)
62,16,(0.005861991060348575-0.01698674801680703j)
62,17,(-0.12956106279553534-0.008813797537030986j)
62,18,(-0.024622667784241395+0.024658700591898224j)
62,19,(-0.1378181766823842-0.11321736750987085j)
62,20,(-0.021931630147465398+0.03813203920010129j)
62,21,(-0.049515282428678864-0.09146187630548806j)
62,22,(0.053478984237566286-0.019375236022015938j)
62,23,(-0.05160113362328197-0.0061381461658410515j)
62,24,(-0.021399691129084995-0.025819905863973886j)
62,25,(0.07606464923723917-0.06729844464152274j)
62,26,(0.1280798859498427+0.027087517542347513j)
62,27,(0.003864624081377406+0.006751669707817416j)
62,28,(0.18202190782868943+0.12548715958214046j)
62,29,(0.08858763354726208-0.007802558576188035j)
62,30,(0.054111514395424234+0.18792293517874767j)
62,31,(0.08785954830432477-0.011863344683292486j)
62,32,(-0.1317524718652633+0.06694387053453456j)
62,33,(0.11065536913480974+0.10778738151115912j)
62,34,(-0.11988104671165259+0.05462273830038046j)
62,35,(0.0037302554303072174+0.1674808685887121j)
62,36,(-0.16643344061891244+0.011429928330186506j)
62,37,(-0.09272638480386859+0.07888960001586753j)
62,38,(-0.026559975448207977-0.021928347678987044j)
62,39,(-0.1091475809596753-0.050956791530825656j)
62,40,(-0.10979675056565774-0.11165951269411077j)
62,41,(-0.019544852537970565+0.008087840799835747j)
62,42,(-0.14728861606985572-0.2677062905687602j)
62,43,(-0.07248222372669137+0.008060818795994778j)
62,44,(-0.039381104358136-0.2378600156672859j)
62,45,(-0.1263906122938481-0.0038192990809958016j)
62,46,(0.0768890949390798-0.19320068716772515j)
62,47,(0.036103317198541554-0.13019574779292822j)
62,48,(0.03609565232820004-0.10355493320856608j)
62,49,(0.10998239327645414+0.0054898388676242575j)
62,50,(0.1643590115104059-0.14660737944775007j)
62,51,(-0.134861980632383+0.03597359990998932j)
62,52,(0.18924621368213493+0.04978211461258385j)
62,53,(-0.17996364056112044-0.08439443405073037j)
62,54,(-0.07655606286302681+0.048263392360107744j)
62,55,(-0.07354359791941859+0.07607680153295704j)
62,56,(0.012347565540322137-0.16605327574608533j)
62,57,(-0.4191893474094356-0.06514063933047741j)
62,58,(-0.15463804505208364+0.22992309929019877j)
62,59,(-0.13324361068251583+0.058376450630005065j)
62,60,(0.14790369691023922-0.05755174098824464j)
62,61,(-0.11165772476574379-0.17460580832454367j)
62,62,(0.19743634700613874-0.15088182939441744j)
63,-63,(0.13839649680970614-0.17422732870786597j)
63,-62,(-0.11803017092352167-0.10614959652163314j)
63,-61,(0.04748985395774986-0.061100715540877426j)
63,-60,(-0.2180837415799988-0.0517526703397165j)
63,-59,(0.051593309057676215-0.19550993443107678j)
63,-58,(0.09965505576625783-0.06128723141513346j)
63,-57,(-0.29251579048325094+0.11942237295232651j)
63,-56,(-0.015616851757199056-0.2056625040137548j)
63,-55,(-0.1553533364574066-0.178197706788234j)
63,-54,(0.19172260132836047-0.1901332357252958j)
63,-53,(-0.10518064456487014-0.01646987294442728j)
63,-52,(0.05187529243710286+0.061383224606454505j)
63,-51,(-0.22561968059787946+0.04286799509930891j)
63,-50,(0.08280638568577167-0.0748893993306839j)
63,-49,(-0.11577091610665934-0.13849109461110534j)
63,-48,(0.23202280976213216-0.03374682920053835j)
63,-47,(0.12693333156750042-0.1157498988766788j)
63,-46,(0.09015885244576145+0.04616615665504605j)
63,-45,(0.0918274988363722-0.009540012174766438j)
63,-44,(0.050513431635543664+0.01843797882928644j)
63,-43,(0.046209706428906254-0.045135660769046335j)
63,-42,(0.10868699914137533-0.07206943996868134j)
63,-41,(0.0939230982774613-0.08743952516057231j)
63,-40,(0.0865501234745248-0.011833156127750188j)
63,-39,(0.10794649175941678+0.08634927787945719j)
63,-38,(0.0001973722486721225+0.12856930099479216j)
63,-37,(0.028884795614747345+0.09728444872437264j)
63,-36,(-0.1004135259337414+0.08680420773703663j)
63,-35,(-0.08012989456594895-0.030073474498850793j)
63,-34,(0.011702292580253133+0.0719965159417922j)
63,-33,(-0.08095144101555564+0.08831195060243927j)
63,-32,(0.0047396078597273265+0.03444957181662548j)
63,-31,(-0.0019267806139274197+0.00839636530783318j)
63,-30,(0.034677121757033795+0.05105205470892903j)
63,-29,(0.017826526169920795+0.019369638632503412j)
63,-28,(-0.13867086419904887+0.016640310354120228j)
63,-27,(-0.021854882317213404-0.011026073797601949j)
63,-26,(-0.11858276488245+0.020757193833006973j)
63,-25,(-0.06233256462068629+0.035277063030517676j)
63,-24,(-0.1024149728930441+0.01354355161179122j)
63,-23,(-0.036646253311601644-0.04755471448614643j)
63,-22,(0.010106582920116989-0.07960225097496018j)
63,-21,(-0.027947980783805584-0.03861118621857291j)
63,-20,(0.06737400802674501-0.004993936809776547j)
63,-19,(0.014448928688160907-0.05646237134877218j)
63,-18,(-0.019225902892922732+0.004154291707230152j)
63,-17,(-0.025205513210491436-0.07617801477542811j)
63,-16,(0.016980377710079327+0.05160790271794277j)
63,-15,(-0.030827222118674714-0.0686248714130529j)
63,-14,(-0.08435269310688484-0.04093512977546933j)
63,-13,(-0.006607390020007402-0.027819886377034364j)
63,-12,(-0.02065463635695359-0.07370643134873198j)
63,-11,(0.09152204487964886-0.00307117017956343j)
63,-10,(0.04825334224116878+0.014967781802350177j)
63,-9,(-0.0028125435695572766-0.07154293736398937j)
63,-8,(0.08430715167274536-0.03559405762455637j)
63,-7,(-0.018818671665163784+0.05125326628749501j)
63,-6,(0.08193291530985702+0.03459791159872553j)
63,-5,(-0.060513035686484126+0.004506067184912139j)
63,-4,(-0.01580634611946773+0.08184073888904236j)
63,-3,(-0.07532075513187801+0.013627770383762504j)
63,-2,(0.018421012647975316+0.042749222579327235j)
63,-1,(-0.007155979520514174+0.002083265030470264j)
63,0,(-0.034855167366807056+0j)
63,1,(0.007155979520514177+0.002083265030470277j)
63,2,(0.018421012647975316-0.042749222579327215j)
63,3,(0.07532075513187801+0.013627770383762507j)
63,4,(-0.01580634611946773-0.08184073888904238j)
63,5,(0.06051303568648415+0.00450606718491215j)
63,6,(0.08193291530985704-0.034597911598725516j)
63,7,(0.018818671665163773+0.05125326628749499j)
63,8,(0.08430715167274537+0.03559405762455636j)
63,9,(0.002812543569557269-0.07154293736398938j)
63,10,(0.04825334224116877-0.014967781802350167j)
63,11,(-0.09152204487964886-0.003071170179563435j)
63,12,(-0.020654636356953585+0.07370643134873198j)
63,13,(0.006607390020007387-0.027819886377034354j)
63,14,(-0.08435269310688484+0.040935129775469314j)
63,15,(0.030827222118674724-0.06862487141305289j)
63,16,(0.01698037771007932-0.051607902717942786j)
63,17,(0.025205513210491436-0.07617801477542813j)
63,18,(-0.019225902892922732-0.004154291707230165j)
63,19,(-0.014448928688160917-0.05646237134877218j)
63,20,(0.06737400802674495+0.0049939368097765315j)
63,21,(0.027947980783805598-0.038611186218572895j)
63,22,(0.010106582920117062+0.0796022509749602j)
63,23,(0.03664625331160166-0.04755471448614639j)
63,24,(-0.10241497289304413-0.01354355161179122j)
63,25,(0.062332564620686315+0.03527706303051769j)
63,26,(-0.11858276488245-0.020757193833006993j)
63,27,(0.021854882317213404-0.011026073797601932j)
63,28,(-0.13867086419904878-0.016640310354120228j)
63,29,(-0.017826526169920785+0.019369638632503416j)
63,30,(0.03467712175703378-0.05105205470892907j)
63,31,(0.0019267806139274092+0.008396365307833149j)
63,32,(0.004739607859727332-0.034449571816625446j)
63,33,(0.08095144101555567+0.08831195060243927j)
63,34,(0.011702292580253123-0.07199651594179218j)
63,35,(0.08012989456594893-0.03007347449885083j)
63,36,(-0.10041352593374132-0.0868042077370366j)
63,37,(-0.028884795614747376+0.09728444872437272j)
63,38,(0.00019737224867211992-0.12856930099479214j)
63,39,(-0.10794649175941678+0.0863492778794572j)
63,40,(0.08655012347452481+0.011833156127750183j)
63,41,(-0.09392309827746133-0.08743952516057239j)
63,42,(0.10868699914137533+0.07206943996868138j)
63,43,(-0.046209706428906316-0.04513566076904635j)
63,44,(0.05051343163554365-0.018437978829286397j)
63,45,(-0.09182749883637224-0.009540012174766424j)
63,46,(0.09015885244576141-0.04616615665504603j)
63,47,(-0.12693333156750042-0.1157498988766788j)
63,48,(0.23202280976213205+0.03374682920053832j)
63,49,(0.11577091610665927-0.1384910946111053j)
63,50,(0.08280638568577167+0.07488939933068392j)
63,51,(0.2256196805978795+0.0428679950993089j)
63,52,(0.051875292437102836-0.061383224606454505j)
63,53,(0.10518064456487014-0.016469872944427293j)
63,54,(0.19172260132836047+0.19013323572529583j)
63,55,(0.1553533364574066-0.17819770678823404j)
63,56,(-0.015616851757199063+0.20566250401375485j)
63,57,(0.2925157904832508+0.1194223729523265j)
63,58,(0.09965505576625787+0.061287231415133446j)
63,59,(-0.05159330905767621-0.19550993443107678j)
63,60,(-0.21808374157999874+0.05175267033971648j)
63,61,(-0.04748985395774986-0.06110071554087745j)
63,62,(-0.11803017092352161+0.10614959652163311j)
63,63,(-0.13839649680970614-0.17422732870786592j)
64,-64,(-0.12549920122079988-0.08312072921953069j)
64,-63,(-0.11271644866424278+0.11849709779150043j)
64,-62,(-0.14123269978349398+0.06469055932275214j)
64,-61,(-0.11432272711068578+0.15543209336633712j)
64,-60,(0.13923767799293374-0.11212442353859384j)
64,-59,(-0.1211312321158273+0.2688903440610487j)
64,-58,(-0.14455942213870357-0.015157231012382883j)
64,-57,(-0.07142248357595601-0.07025281614921007j)
64,-56,(0.06186753140482522+0.03344058062732918j)
64,-55,(-0.04155897232317654+0.03108014771214487j)
64,-54,(-0.1632230045822299+0.20339760001244508j)
64,-53,(-0.07036800183307372-0.02630708093209407j)
64,-52,(-0.0930153616517556-0.03116120019370761j)
64,-51,(0.07396690494766914-0.0772748348242487j)
64,-50,(-0.06514132607534649-0.055669478318817314j)
64,-49,(0.12418830056766286+0.04050439519810083j)
64,-48,(-0.18440790753036454-0.07669976542430967j)
64,-47,(0.04822991500114418+0.08656094973936264j)
64,-46,(-0.19041294557502467-0.18659283614727665j)
64,-45,(0.01842384638326302-0.0063126252845208146j)
64,-44,(0.002888637841260098-0.24084799066782392j)
64,-43,(0.032181994181048994-0.022607580184186016j)
64,-42,(0.0540827742059882-0.13192538356431585j)
64,-41,(-0.043425434071238604+0.10512024966003287j)
64,-40,(0.021142043470575918-0.020042156765840497j)
64,-39,(-0.16606159176984908+0.008179440532989397j)
64,-38,(0.0771149872819171-0.09778180785177815j)
64,-37,(-0.12215570298505266-0.06555831009355396j)
64,-36,(0.0923913065135685-0.038270974359773634j)
64,-35,(0.03140283869605978-0.06031330566149597j)
64,-34,(0.1221248625678348+0.027122822849353172j)
64,-33,(0.027947636810139773-0.16026004452177872j)
64,-32,(0.03189971140375609+0.058366968466700954j)
64,-31,(0.028291609790379486-0.11980930536526993j)
64,-30,(0.007271770551038043+0.08076864970020066j)
64,-29,(0.08158248645028185-0.038342658178167906j)
64,-28,(-0.07678811932906822+0.010694824741405961j)
64,-27,(0.02208232138393141-0.04465211471537322j)
64,-26,(-0.11643993799470527+0.1338010535508642j)
64,-25,(0.10959261814698451+0.004942173047918018j)
64,-24,(-0.1165962232128198+0.02167937147850766j)
64,-23,(0.04286367841148671+0.11885487774006831j)
64,-22,(-0.033537829343144546-0.039430421606139875j)
64,-21,(-0.03373669089333594+0.13142267927788107j)
64,-20,(-0.11439384432111523+0.026100236100185314j)
64,-19,(-0.05170041867928766+0.08238677084525602j)
64,-18,(-0.057555375183763746-0.05058013007844413j)
64,-17,(-0.10947722709986311-0.01006082942587569j)
64,-16,(0.029963831220252313-0.00847125084327839j)
64,-15,(-0.08014185903182107-0.06948661469316073j)
64,-14,(0.04357819353725939-0.03216715916939337j)
64,-13,(-0.03271105696754232-0.09847834644236335j)
64,-12,(0.015491268683575551+0.015542321113861694j)
64,-11,(0.055377343191289494-0.12583815576346744j)
64,-10,(-0.04978463963702241+0.04287060023451957j)
64,-9,(0.020964654294815137-0.010096329884665285j)
64,-8,(-0.02474061651152359+0.03427599026881106j)
64,-7,(0.008732444381812452-0.009191242636250038j)
64,-6,(-0.06656415559747657-0.07534759058844935j)
64,-5,(0.04136945115689998+0.010700830284780687j)
64,-4,(0.0005208997397497828-0.01616302112108536j)
64,-3,(0.05289476835360906+0.02225073971977038j)
64,-2,(0.04594043348462222-0.00688766158117687j)
64,-1,(0.01942708625963345+0.03897847035772474j)
64,0,(0.10284450028352335+0j)
64,1,(-0.019427086259633443+0.038978470357724705j)
64,2,(0.04594043348462222+0.006887661581176888j)
64,3,(-0.05289476835360906+0.022250739719770377j)
64,4,(0.0005208997397497809+0.016163021121085367j)
64,5,(-0.041369451156899974+0.010700830284780692j)
64,6,(-0.06656415559747658+0.07534759058844934j)
64,7,(-0.00873244438181246-0.009191242636250038j)
64,8,(-0.02474061651152359-0.034275990268811056j)
64,9,(-0.02096465429481515-0.01009632988466528j)
64,10,(-0.04978463963702239-0.042870600234519544j)
64,11,(-0.055377343191289535-0.12583815576346746j)
64,12,(0.015491268683575546-0.015542321113861716j)
64,13,(0.03271105696754232-0.09847834644236331j)
64,14,(0.04357819353725939+0.032167159169393375j)
64,15,(0.08014185903182104-0.06948661469316071j)
64,16,(0.029963831220252313+0.00847125084327837j)
64,17,(0.10947722709986311-0.010060829425875727j)
64,18,(-0.057555375183763746+0.05058013007844413j)
64,19,(0.05170041867928764+0.082386770845256j)
64,20,(-0.11439384432111523-0.026100236100185296j)
64,21,(0.03373669089333593+0.13142267927788107j)
64,22,(-0.033537829343144546+0.03943042160613987j)
64,23,(-0.042863678411486694+0.11885487774006831j)
64,24,(-0.11659622321281984-0.021679371478507674j)
64,25,(-0.10959261814698451+0.0049421730479180205j)
64,26,(-0.11643993799470524-0.13380105355086416j)
64,27,(-0.022082321383931427-0.04465211471537321j)
64,28,(-0.0767881193290682-0.010694824741405961j)
64,29,(-0.08158248645028186-0.03834265817816793j)
64,30,(0.0072717705510380246-0.0807686497002007j)
64,31,(-0.028291609790379476-0.11980930536526989j)
64,32,(0.031899711403756144-0.05836696846670103j)
64,33,(-0.027947636810139773-0.16026004452177872j)
64,34,(0.12212486256783484-0.027122822849353183j)
64,35,(-0.031402838696059795-0.060313305661495974j)
64,36,(0.09239130651356853+0.03827097435977363j)
64,37,(0.12215570298505268-0.06555831009355394j)
64,38,(0.07711498728191714+0.09778180785177822j)
64,39,(0.1660615917698491+0.008179440532989418j)
64,40,(0.021142043470575946+0.020042156765840483j)
64,41,(0.04342543407123858+0.10512024966003287j)
64,42,(0.05408277420598822+0.1319253835643159j)
64,43,(-0.032181994181049-0.022607580184186023j)
64,44,(0.00288863784126013+0.240847990667824j)
64,45,(-0.018423846383263016-0.00631262528452082j)
64,46,(-0.19041294557502467+0.18659283614727665j)
64,47,(-0.04822991500114418+0.0865609497393626j)
64,48,(-0.18440790753036448+0.07669976542430965j)
64,49,(-0.12418830056766282+0.04050439519810083j)
64,50,(-0.0651413260753465+0.055669478318817314j)
64,51,(-0.07396690494766914-0.0772748348242487j)
64,52,(-0.09301536165175557+0.031161200193707612j)
64,53,(0.07036800183307368-0.026307080932094086j)
64,54,(-0.16322300458222994-0.20339760001244514j)
64,55,(0.04155897232317656+0.03108014771214487j)
64,56,(0.0618675314048252-0.03344058062732916j)
64,57,(0.071422483575956-0.07025281614921007j)
64,58,(-0.14455942213870362+0.015157231012382895j)
64,59,(0.12113123211582728+0.2688903440610487j)
64,60,(0.1392376779929337+0.11212442353859381j)
64,61,(0.11432272711068582+0.15543209336633715j)
64,62,(-0.1412326997834939-0.06469055932275214j)
64,63,(0.11271644866424273+0.11849709779150035j)
64,64,(-0.12549920122079977+0.08312072921953062j)
65,-65,(-0.10971892263318453+0.20838940715318482j)
65,-64,(0.15773472097057828-0.0017116944820946404j)
65,-63,(-0.03427462529320097+0.11384837776905377j)
65,-62,(0.250262518044514-0.0020147285863148182j)
65,-61,(0.18476801135555454+0.05578629835578226j)
65,-60,(-0.048639462434656715+0.228701668289205j)
65,-59,(0.0050033237957234356-0.20576543011470894j)
65,-58,(0.12862741062699035+0.16866524528103338j)
65,-57,(0.08804698285876718-0.005003734497086759j)
65,-56,(-0.06893361014161654+0.23586068113018388j)
65,-55,(-0.02916802824051378+0.0027895443309130566j)
65,-54,(-0.025457930404702938+0.07293732545352345j)
65,-53,(0.14668679797488285-0.022890868256789015j)
65,-52,(-0.030127045564065893+0.08461328207578749j)
65,-51,(0.09614058441155279+0.060231686302305666j)
65,-50,(-0.11418884006606694+0.12451032488534793j)
65,-49,(-0.05069427872951217+0.137159850668168j)
65,-48,(-0.06287604450678816-0.03140214864008752j)
65,-47,(-0.14282759527604882-0.04142702028153274j)
65,-46,(0.01552192553184415-0.008148636079104068j)
65,-45,(-0.06928453087464119+0.0009160888753751892j)
65,-44,(-0.03980253629564338+0.20244535167546177j)
65,-43,(-0.09769009340772747-0.0014395569237874205j)
65,-42,(-0.06567933711429273+0.08526060031652735j)
65,-41,(-0.10134837394865125-0.06721628642726471j)
65,-40,(-0.16689744505399617+0.003708770364311782j)
65,-39,(0.043822194791574454-0.10184646746650095j)
65,-38,(-0.08358739762348018-0.00458572811230857j)
65,-37,(0.11684843945605584-0.10615068999455372j)
65,-36,(-0.04313786742203025-0.08543648247610593j)
65,-35,(0.03865616352602273-0.01815149820507047j)
65,-34,(-0.06511553793543527-0.080665975808551j)
65,-33,(0.04313121121809583+0.14188129010218206j)
65,-32,(-0.06280745512363908-0.056919427043884314j)
65,-31,(0.0007306022095082974-0.07384136324849375j)
65,-30,(0.005592034313969728-0.08615976639441748j)
65,-29,(0.04484447741408112+0.026708171637498203j)
65,-28,(0.07344876168824847-0.020175984005344073j)
65,-27,(-0.0027393650855991407+0.028616369134996045j)
65,-26,(0.03146039214891726+0.03896657671860763j)
65,-25,(0.029317780571465966+0.012861697597588378j)
65,-24,(-0.022795847820883435+0.08900672148058912j)
65,-23,(-0.00866648385580349+0.000837584988606664j)
65,-22,(-0.03507749369217118+0.042481742123857455j)
65,-21,(0.03736112696640442-0.10639338652853114j)
65,-20,(0.01407820634714498+0.052568150488455846j)
65,-19,(0.05501353053505019-0.04427485311570527j)
65,-18,(-0.006655278514359711+0.012825361833273518j)
65,-17,(0.03460981985528402+0.015708467370637646j)
65,-16,(0.05309379491673261+0.017275224730322756j)
65,-15,(0.04010550194333501+0.06499776397093583j)
65,-14,(0.015640261587546087+0.0022423134744886035j)
65,-13,(-0.031211115115750157+0.06384320911887233j)
65,-12,(-0.010127054558592169+0.05169504662985309j)
65,-11,(-0.03908645771651982-0.01076568750950295j)
65,-10,(-0.011252235237095537+0.019495389857287156j)
65,-9,(-0.08002725475691776-0.029423090824238232j)
65,-8,(-0.01513900186752594-0.00320688690995823j)
65,-7,(-0.017067247606849096+0.013867621803033798j)
65,-6,(-0.01708414504747264+0.01632422816128198j)
65,-5,(0.06269816167038124-0.05774523245663694j)
65,-4,(0.03973209163462444-0.03182911101004795j)
65,-3,(0.06071288200476439+0.01902990122541643j)
65,-2,(0.011850062656794249-0.025343887956268896j)
65,-1,(0.05543835468866899-0.0002320315102779184j)
65,0,(0.02243390461522971+0j)
65,1,(-0.05543835468866897-0.00023203151027793j)
65,2,(0.011850062656794228+0.02534388795626889j)
65,3,(-0.06071288200476439+0.019029901225416434j)
65,4,(0.03973209163462443+0.03182911101004797j)
65,5,(-0.06269816167038127-0.05774523245663694j)
65,6,(-0.01708414504747266-0.016324228161282005j)
65,7,(0.017067247606849106+0.013867621803033801j)
65,8,(-0.01513900186752595+0.0032068869099582376j)
65,9,(0.08002725475691773-0.029423090824238222j)
65,10,(-0.011252235237095544-0.01949538985728717j)
65,11,(0.039086457716519814-0.01076568750950295j)
65,12,(-0.01012705455859218-0.0516950466298531j)
65,13,(0.031211115115750185+0.06384320911887233j)
65,14,(0.015640261587546077-0.0022423134744885766j)
65,15,(-0.04010550194333502+0.06499776397093585j)
65,16,(0.0530937949167326-0.017275224730322766j)
65,17,(-0.03460981985528403+0.01570846737063765j)
65,18,(-0.006655278514359724-0.012825361833273553j)
65,19,(-0.05501353053505021-0.04427485311570528j)
65,20,(0.014078206347144974-0.052568150488455846j)
65,21,(-0.03736112696640441-0.1063933865285311j)
65,22,(-0.03507749369217116-0.042481742123857455j)
65,23,(0.008666483855803497+0.0008375849886066226j)
65,24,(-0.02279584782088345-0.08900672148058913j)
65,25,(-0.029317780571465956+0.012861697597588404j)
65,26,(0.03146039214891725-0.03896657671860763j)
65,27,(0.002739365085599151+0.02861636913499605j)
65,28,(0.07344876168824849+0.020175984005344087j)
65,29,(-0.04484447741408113+0.026708171637498192j)
65,30,(0.005592034313969728+0.0861597663944174j)
65,31,(-0.0007306022095083234-0.07384136324849377j)
65,32,(-0.06280745512363904+0.056919427043884335j)
65,33,(-0.04313121121809581+0.14188129010218206j)
65,34,(-0.06511553793543534+0.08066597580855103j)
65,35,(-0.03865616352602274-0.018151498205070473j)
65,36,(-0.04313786742203022+0.08543648247610591j)
65,37,(-0.11684843945605584-0.10615068999455375j)
65,38,(-0.08358739762348018+0.004585728112308565j)
65,39,(-0.0438221947915745-0.10184646746650095j)
65,40,(-0.16689744505399612-0.003708770364311782j)
65,41,(0.10134837394865122-0.0672162864272647j)
65,42,(-0.06567933711429273-0.08526060031652735j)
65,43,(0.09769009340772755-0.0014395569237874413j)
65,44,(-0.03980253629564339-0.20244535167546185j)
65,45,(0.0692845308746412+0.0009160888753751892j)
65,46,(0.015521925531844156+0.008148636079104037j)
65,47,(0.1428275952760488-0.04142702028153272j)
65,48,(-0.06287604450678821+0.03140214864008753j)
65,49,(0.05069427872951217+0.137159850668168j)
65,50,(-0.11418884006606697-0.12451032488534797j)
65,51,(-0.09614058441155272+0.060231686302305604j)
65,52,(-0.030127045564065903-0.08461328207578751j)
65,53,(-0.14668679797488285-0.02289086825678903j)
65,54,(-0.025457930404702938-0.07293732545352345j)
65,55,(0.029168028240513767+0.0027895443309130644j)
65,56,(-0.06893361014161654-0.23586068113018388j)
65,57,(-0.08804698285876719-0.005003734497086762j)
65,58,(0.12862741062699037-0.16866524528103338j)
65,59,(-0.005003323795723421-0.20576543011470902j)
65,60,(-0.04863946243465675-0.22870166828920507j)
65,61,(-0.18476801135555448+0.055786298355782256j)
65,62,(0.2502625180445138+0.0020147285863148182j)
65,63,(0.034274625293200946+0.11384837776905371j)
65,64,(0.15773472097057825+0.00171169448209463j)
65,65,(0.10971892263318449+0.20838940715318482j)
66,-66,(0.10468394275458752-0.08029258569498592j)
66,-65,(-0.010162389387101801-0.12102190987697913j)
66,-64,(0.0998250525301198+0.016925226289802652j)
66,-63,(0.0928070783104294-0.2886614709099124j)
66,-62,(-0.03537498453558716+0.17630680526218648j)
66,-61,(-0.05556577541973498-0.24738240835602263j)
66,-60,(0.08750500407804951+0.0047932596789394995j)
66,-59,(0.15191308391152394+0.0478905629034615j)
66,-58,(0.05268792237347509-0.08460103787075385j)
66,-57,(-0.005618126890428924+0.09479142607729232j)
66,-56,(0.0020996410436903905-0.24024306181849245j)
66,-55,(0.038618590451125125-0.0036273038387711967j)
66,-54,(0.10795176088875293-0.1381804851714695j)
66,-53,(0.010927543991999229+0.10433411018396238j)
66,-52,(0.14762426450762012-0.012953917170062232j)
66,-51,(-0.07062329525415344+0.09728386178380935j)
66,-50,(0.12021371538328746-0.0737942779620704j)
66,-49,(-0.03285042260578086-0.056317057601033324j)
66,-48,(0.1438995568110096-0.04285738197826621j)
66,-47,(0.02903704504775956+0.03634821569734636j)
66,-46,(0.2062207884163383+0.16118626378016224j)
66,-45,(-0.05432126104225811+0.029265388268750598j)
66,-44,(0.018087689089424444+0.12233136486897597j)
66,-43,(0.03385776295269408-0.08017915078896125j)
66,-42,(-0.014298291349333454+0.03854651690952112j)
66,-41,(0.06411569351610934-0.0733283083451184j)
66,-40,(0.05059912792216165+0.07123782840823453j)
66,-39,(0.03559613757674276+0.021257611783483905j)
66,-38,(0.0030025113197913057+0.10724120920649774j)
66,-37,(0.0018610593952739119+0.016713550188623815j)
66,-36,(-0.1198582130093749+0.10257354009636371j)
66,-35,(-0.04868811163059011-0.07038819474362448j)
66,-34,(-0.058233557444030276-0.018717949470159485j)
66,-33,(0.029198087464386877-0.020433407842094384j)
66,-32,(-0.03296790082860019-0.05989509078893285j)
66,-31,(0.05317931133899014+0.05656058180221246j)
66,-30,(0.02114585464746016-0.14256431076346526j)
66,-29,(0.017402004782811047+0.09158987681321215j)
66,-28,(0.012013738206606835-0.07758990842711667j)
66,-27,(-0.030821161145873587+0.0017861930601701618j)
66,-26,(-0.008863712297071778-0.0968096957265387j)
66,-25,(-0.0797599631476452-0.027861520721437567j)
66,-24,(0.0739940355083927-0.08085339913120342j)
66,-23,(0.011511435485893525-0.02950057201074108j)
66,-22,(0.0669063024911351-0.03858517388458119j)
66,-21,(-0.02723204980189651-0.05115355364117183j)
66,-20,(0.08284175940448667+0.006077084572658758j)
66,-19,(0.02257929910144311-0.029392683476766875j)
66,-18,(0.006073549700232826+0.010880791374042556j)
66,-17,(0.11580289084802775-0.041170484589200966j)
66,-16,(0.0021081843086637932+0.07150677612401049j)
66,-15,(0.015539793455687779+0.0125968110758451j)
66,-14,(-0.05474162615796386+0.03112235423550334j)
66,-13,(0.008618586497264212+0.03483578038066593j)
66,-12,(-0.028382902730541056+0.016113973630927498j)
66,-11,(0.016836017470377652+0.046884354677263824j)
66,-10,(0.03693679891428618-0.05301635840118558j)
66,-9,(0.042779977848071214+0.05417678954491935j)
66,-8,(0.04513619048432948-0.04150913041586318j)
66,-7,(0.052975505641317394+0.026732025153125775j)
66,-6,(0.061093020380671104-0.03299149883413265j)
66,-5,(-0.08454219573800766+0.016480990256149207j)
66,-4,(0.03235973595583834+0.02952474456149694j)
66,-3,(-0.04335493556323777-0.0746011566160132j)
66,-2,(-0.11028964919196599+0.03441778383201252j)
66,-1,(-0.03275225617662436-0.05316421479423683j)
66,0,(-0.07853242068698803+0j)
66,1,(0.03275225617662437-0.05316421479423683j)
66,2,(-0.11028964919196597-0.034417783832012515j)
66,3,(0.04335493556323778-0.07460115661601319j)
66,4,(0.03235973595583836-0.02952474456149693j)
66,5,(0.08454219573800764+0.016480990256149217j)
66,6,(0.06109302038067112+0.03299149883413265j)
66,7,(-0.05297550564131743+0.02673202515312577j)
66,8,(0.04513619048432947+0.041509130415863175j)
66,9,(-0.0427799778480712+0.05417678954491935j)
66,10,(0.03693679891428617+0.05301635840118554j)
66,11,(-0.016836017470377655+0.04688435467726386j)
66,12,(-0.028382902730541056-0.01611397363092752j)
66,13,(-0.00861858649726421+0.03483578038066591j)
66,14,(-0.05474162615796386-0.03112235423550334j)
66,15,(-0.015539793455687798+0.01259681107584508j)
66,16,(0.0021081843086638062-0.07150677612401046j)
66,17,(-0.11580289084802771-0.04117048458920093j)
66,18,(0.006073549700232857-0.010880791374042582j)
66,19,(-0.022579299101443098-0.029392683476766854j)
66,20,(0.08284175940448663-0.0060770845726587685j)
66,21,(0.0272320498018965-0.051153553641171814j)
66,22,(0.06690630249113506+0.038585173884581186j)
66,23,(-0.01151143548589353-0.0295005720107411j)
66,24,(0.07399403550839273+0.08085339913120343j)
66,25,(0.07975996314764516-0.027861520721437567j)
66,26,(-0.008863712297071752+0.09680969572653875j)
66,27,(0.03082116114587363+0.0017861930601701618j)
66,28,(0.01201373820660688+0.07758990842711665j)
66,29,(-0.017402004782811054+0.0915898768132121j)
66,30,(0.02114585464746016+0.1425643107634652j)
66,31,(-0.05317931133899015+0.05656058180221247j)
66,32,(-0.03296790082860022+0.059895090788932875j)
66,33,(-0.02919808746438689-0.020433407842094374j)
66,34,(-0.058233557444030304+0.018717949470159485j)
66,35,(0.04868811163059013-0.07038819474362441j)
66,36,(-0.11985821300937487-0.1025735400963637j)
66,37,(-0.001861059395273904+0.016713550188623815j)
66,38,(0.003002511319791298-0.10724120920649774j)
66,39,(-0.03559613757674276+0.021257611783483933j)
66,40,(0.05059912792216164-0.0712378284082346j)
66,41,(-0.06411569351610934-0.07332830834511841j)
66,42,(-0.014298291349333444-0.03854651690952112j)
66,43,(-0.03385776295269405-0.08017915078896122j)
66,44,(0.018087689089424427-0.1223313648689761j)
66,45,(0.05432126104225811+0.02926538826875061j)
66,46,(0.20622078841633837-0.1611862637801623j)
66,47,(-0.02903704504775956+0.03634821569734638j)
66,48,(0.14389955681100966+0.04285738197826621j)
66,49,(0.03285042260578091-0.056317057601033324j)
66,50,(0.12021371538328741+0.0737942779620704j)
66,51,(0.07062329525415341+0.09728386178380932j)
66,52,(0.1476242645076201+0.012953917170062243j)
66,53,(-0.010927543991999217+0.10433411018396241j)
66,54,(0.10795176088875291+0.13818048517146944j)
66,55,(-0.03861859045112508-0.0036273038387712045j)
66,56,(0.0020996410436903983+0.24024306181849248j)
66,57,(0.005618126890428909+0.09479142607729232j)
66,58,(0.05268792237347509+0.08460103787075383j)
66,59,(-0.15191308391152394+0.0478905629034615j)
66,60,(0.0875050040780495-0.0047932596789394995j)
66,61,(0.05556577541973496-0.2473824083560226j)
66,62,(-0.03537498453558716-0.17630680526218637j)
66,63,(-0.09280707831042942-0.2886614709099124j)
66,64,(0.0998250525301198-0.016925226289802652j)
66,65,(0.010162389387101812-0.12102190987697915j)
66,66,(0.10468394275458752+0.08029258569498593j)
67,-67,(-0.02073678166322875-0.178514682136j)
67,-66,(-0.0775368739655133+0.0510190743498138j)
67,-65,(-0.005158966665899027-0.11639529985134348j)
67,-64,(-0.15889644384115933+0.037535953508680296j)
67,-63,(-0.07760312824669284-0.00879927138804385j)
67,-62,(-0.11527898898197997-0.1616158059680927j)
67,-61,(0.0792034115226907+0.1401635547021387j)
67,-60,(-0.1307272929402819+0.01382472432199557j)
67,-59,(-0.1334242730749452+0.04901890794255487j)
67,-58,(-0.0414014437033047-0.18759911830435771j)
67,-57,(-0.09149348790456119-0.019162259360870303j)
67,-56,(-0.012140872620241328-0.06169556520305764j)
67,-55,(-0.0064648895609685795+0.08557808173295758j)
67,-54,(-0.08377100986235031+0.022956497669665454j)
67,-53,(-0.10519677842346879-0.1425815730225838j)
67,-52,(-0.040226043883150375-0.04980939825867801j)
67,-51,(0.033994883686710206-0.20695401676213165j)
67,-50,(0.09040371542031908-0.01894136569068149j)
67,-49,(0.15234339208929787-0.01420549113850421j)
67,-48,(0.0007232402312052893-0.005737567837183662j)
67,-47,(0.08311953848529513-0.047265122593506896j)
67,-46,(-0.1232677674596-0.09778639726037988j)
67,-45,(0.06172807099480088-0.08146303359785115j)
67,-44,(-0.0486551033834369-0.03823611346278055j)
67,-43,(0.055884474004916675-0.07187233505063871j)
67,-42,(0.0018931976850174526-0.08314660370417902j)
67,-41,(0.055204705555431034+0.03112814170556363j)
67,-40,(0.07726050107708594-0.00025202816986335066j)
67,-39,(-0.11251300315290098+0.1254277696838773j)
67,-38,(-0.06416158588989236-0.019215144293964002j)
67,-37,(-0.12400892833118506+0.047315348556716576j)
67,-36,(0.058580952883974455-0.08850432319395024j)
67,-35,(-0.08162087001855806-0.03687963930705684j)
67,-34,(0.1297599644792124+0.05386471968571959j)
67,-33,(-0.029464366023716625+0.0675403449688159j)
67,-32,(0.0903559224228523+0.17229551059500453j)
67,-31,(-0.0415761137246332+0.023407509190891775j)
67,-30,(-0.03707431093493545+0.09770766479781065j)
67,-29,(-0.020004222435319446-0.05768789571648311j)
67,-28,(-0.13217233107841853+0.10889771705360064j)
67,-27,(-0.014543119073963735-0.06735554036159053j)
67,-26,(-0.1362747928901103-0.010892518365601685j)
67,-25,(0.012999494932088917-0.10591396143042493j)
67,-24,(-0.06623299876571935+0.02170770521091105j)
67,-23,(0.03476293516019023+0.04401293882212147j)
67,-22,(-0.032285764408377125-0.020728446085053597j)
67,-21,(-0.0061275477473312565+0.10337286723284332j)
67,-20,(-0.05593098902132959-0.008810351472681274j)
67,-19,(-0.02813551088735857-0.01587183488895277j)
67,-18,(-0.005750878717423391-0.022362409732467465j)
67,-17,(-0.09289123428896061-0.02811152632005952j)
67,-16,(0.02462050893626497-0.059524784430519895j)
67,-15,(-0.031525289674932476-0.024196158713296896j)
67,-14,(0.0594701925723293+0.012752487452084592j)
67,-13,(0.06462723991776591-0.04696398435278064j)
67,-12,(0.061531593272921306+0.04504597042577798j)
67,-11,(0.09244635023476015-0.032417586344045804j)
67,-10,(0.00675665795402247+0.018249505279670855j)
67,-9,(0.029087416756247073-0.02661018566244713j)
67,-8,(0.017394419252209026+0.07505447925143953j)
67,-7,(0.015434577637293702+0.025105454959749182j)
67,-6,(-0.02670052106553089-0.03391477386749589j)
67,-5,(-0.07038761395680991+0.025036629874400047j)
67,-4,(-0.055825639048271196-0.0007350660541625032j)
67,-3,(-0.01742367313941468+0.05022571334710207j)
67,-2,(-0.012967810349699604-0.021351404841588466j)
67,-1,(-0.027201394953500862-0.006336976529814909j)
67,0,(0.05454714398944455+0j)
67,1,(0.027201394953500862-0.006336976529814943j)
67,2,(-0.0129678103496996+0.02135140484158846j)
67,3,(0.017423673139414668+0.05022571334710207j)
67,4,(-0.055825639048271196+0.000735066054162498j)
67,5,(0.07038761395680995+0.025036629874400047j)
67,6,(-0.02670052106553087+0.03391477386749588j)
67,7,(-0.015434577637293707+0.025105454959749224j)
67,8,(0.017394419252209047-0.07505447925143957j)
67,9,(-0.029087416756247073-0.02661018566244712j)
67,10,(0.006756657954022472-0.01824950527967085j)
67,11,(-0.09244635023476012-0.03241758634404581j)
67,12,(0.061531593272921334-0.04504597042577796j)
67,13,(-0.06462723991776595-0.04696398435278063j)
67,14,(0.05947019257232929-0.012752487452084602j)
67,15,(0.03152528967493246-0.024196158713296896j)
67,16,(0.02462050893626497+0.05952478443051989j)
67,17,(0.09289123428896065-0.028111526320059508j)
67,18,(-0.005750878717423414+0.022362409732467475j)
67,19,(0.028135510887358592-0.01587183488895276j)
67,20,(-0.05593098902132961+0.008810351472681279j)
67,21,(0.006127547747331267+0.10337286723284332j)
67,22,(-0.03228576440837714+0.02072844608505358j)
67,23,(-0.03476293516019024+0.044012938822121477j)
67,24,(-0.06623299876571934-0.021707705210911043j)
67,25,(-0.01299949493208897-0.10591396143042497j)
67,26,(-0.13627479289011027+0.01089251836560169j)
67,27,(0.014543119073963705-0.06735554036159055j)
67,28,(-0.13217233107841855-0.10889771705360064j)
67,29,(0.02000422243531945-0.05768789571648313j)
67,30,(-0.03707431093493544-0.09770766479781065j)
67,31,(0.04157611372463317+0.023407509190891775j)
67,32,(0.09035592242285227-0.1722955105950045j)
67,33,(0.029464366023716597+0.06754034496881586j)
67,34,(0.1297599644792124-0.05386471968571957j)
67,35,(0.08162087001855803-0.03687963930705687j)
67,36,(0.05858095288397449+0.08850432319395027j)
67,37,(0.12400892833118506+0.047315348556716555j)
67,38,(-0.06416158588989238+0.019215144293963995j)
67,39,(0.11251300315290104+0.12542776968387737j)
67,40,(0.07726050107708593+0.0002520281698633636j)
67,41,(-0.055204705555431076+0.031128141705563623j)
67,42,(0.0018931976850174487+0.08314660370417905j)
67,43,(-0.055884474004916675-0.07187233505063871j)
67,44,(-0.04865510338343689+0.03823611346278053j)
67,45,(-0.06172807099480088-0.08146303359785116j)
67,46,(-0.1232677674596+0.09778639726037991j)
67,47,(-0.08311953848529517-0.04726512259350692j)
67,48,(0.0007232402312052983+0.005737567837183662j)
67,49,(-0.15234339208929784-0.014205491138504205j)
67,50,(0.09040371542031915+0.018941365690681514j)
67,51,(-0.03399488368671019-0.2069540167621316j)
67,52,(-0.04022604388315036+0.04980939825867798j)
67,53,(0.1051967784234687-0.1425815730225837j)
67,54,(-0.08377100986235032-0.022956497669665458j)
67,55,(0.006464889560968587+0.08557808173295758j)
67,56,(-0.012140872620241317+0.06169556520305759j)
67,57,(0.0914934879045612-0.019162259360870335j)
67,58,(-0.04140144370330472+0.18759911830435763j)
67,59,(0.13342427307494514+0.04901890794255487j)
67,60,(-0.13072729294028188-0.01382472432199558j)
67,61,(-0.07920341152269067+0.14016355470213868j)
67,62,(-0.11527898898197997+0.16161580596809277j)
67,63,(0.07760312824669285-0.00879927138804384j)
67,64,(-0.15889644384115942-0.03753595350868028j)
67,65,(0.005158966665899031-0.11639529985134348j)
67,66,(-0.07753687396551331-0.051019074349813814j)
67,67,(0.020736781663228728-0.17851468213599994j)
68,-68,(-0.08444362980986349+0.07230034733188094j)
68,-67,(0.12829841906978734+0.12100535031109791j)
68,-66,(-0.16214676878744738-0.014792826931588886j)
68,-65,(-0.013245679964564721+0.21990388765097524j)
68,-64,(-0.011317883202863947-0.03414654146692955j)
68,-63,(0.09587711080453674+0.01275172049220931j)
68,-62,(0.028514070153396246+0.18483959848495296j)
68,-61,(-0.2071885964768947+0.0520796765911665j)
68,-60,(0.03781091426438605+0.05604611863558409j)
68,-59,(-0.06883293999201313-0.07081904165564694j)
68,-58,(0.15789119640633106+0.19033977028670673j)
68,-57,(-0.06548736218461226+0.008052126300546488j)
68,-56,(-0.04653237936586022+0.20711562699983369j)
68,-55,(-0.04552923753104626-0.0847700917374371j)
68,-54,(-0.004045370565017036+0.07148179128180299j)
68,-53,(0.016165328288910392-0.11601251144332372j)
68,-52,(-0.014778095006396185+0.0595273603996146j)
68,-51,(0.09108873807690555+0.06667803309067162j)
68,-50,(-0.18287745004187916+0.0837885507732648j)
68,-49,(-0.029410600480986124-0.042456642474258614j)
68,-48,(-0.13712004242214887-0.1403842483216833j)
68,-47,(-0.02750950510860719-0.06169357341879117j)
68,-46,(-0.006560351431042795-0.07597325672857047j)
68,-45,(0.05072153254592447+0.0015523342425062376j)
68,-44,(-0.06626586679186346-0.025272915917141946j)
68,-43,(0.018565906605131525+0.04927824546094169j)
68,-42,(0.03876852186586957-0.08830047752955031j)
68,-41,(-0.03378989210560922-0.024506943697166217j)
68,-40,(-0.04687078811930888-0.0171281647914123j)
68,-39,(0.003825099386330676-0.03154449756538493j)
68,-38,(0.03873288816136524-0.06939921435286266j)
68,-37,(0.03652850718943807+0.011915207940356672j)
68,-36,(0.10493035157758823-0.06895325446034044j)
68,-35,(0.06172925690707851-0.017275031016786048j)
68,-34,(0.08298090155880875+0.02792929500358889j)
68,-33,(0.010149312844245546-0.06029749857527882j)
68,-32,(0.046258162890522134-0.0076557485724228335j)
68,-31,(-0.03145187458265636-0.03160064861819589j)
68,-30,(0.09557141796224344-0.0763322454761014j)
68,-29,(0.05841874793087934-0.06455378591754177j)
68,-28,(0.10132949418736072+0.05382524943016114j)
68,-27,(0.002480919234339061+0.047597286305497026j)
68,-26,(0.029568283328588234+0.08150018671227778j)
68,-25,(0.040906696315589165+0.12040781077656836j)
68,-24,(-0.08796419460190522+0.17007051897949899j)
68,-23,(-0.02074196131858817+0.0439438158892012j)
68,-22,(-0.04443586282541307+0.034563356740428555j)
68,-21,(0.028273708885493277-0.005018729169179922j)
68,-20,(-0.04008679017906062+0.013945999852007625j)
68,-19,(0.038803008779799385+0.010689567853650805j)
68,-18,(-0.027298857872197213-0.0856309460956196j)
68,-17,(0.03689537463397106-0.00126750993067522j)
68,-16,(0.09288127670456525-0.10653368061291257j)
68,-15,(-0.04720464009445257+0.027219258500559035j)
68,-14,(-0.01098972225464173-0.03400304279641518j)
68,-13,(-0.05348562205636253+0.03166933555178418j)
68,-12,(-0.008623494601453983-0.0007080107131838957j)
68,-11,(-0.06539920044210205-0.011700068650693878j)
68,-10,(-0.0265335315220646+0.019639602497278197j)
68,-9,(-0.05377196497101179-0.09754508676506388j)
68,-8,(-0.005914928774995024-0.030418879478185886j)
68,-7,(0.036149071198052045-0.05646671617202318j)
68,-6,(-0.020512510327152535-0.05871047310905758j)
68,-5,(0.05963823084266348-0.05506003645279068j)
68,-4,(0.010800432907379011-0.041565338603522836j)
68,-3,(0.053314217484170076+0.021492572078317895j)
68,-2,(0.006088850698996375-0.03307908577045851j)
68,-1,(-0.009658862298922814+0.04481971176181617j)
68,0,(0.025425386781492077+0j)
68,1,(0.009658862298922799+0.044819711761816185j)
68,2,(0.006088850698996395+0.033079085770458504j)
68,3,(-0.05331421748417005+0.021492572078317892j)
68,4,(0.01080043290737901+0.04156533860352282j)
68,5,(-0.059638230842663516-0.055060036452790714j)
68,6,(-0.020512510327152532+0.05871047310905758j)
68,7,(-0.036149071198052045-0.05646671617202315j)
68,8,(-0.005914928774995026+0.03041887947818584j)
68,9,(0.05377196497101179-0.0975450867650639j)
68,10,(-0.02653353152206461-0.019639602497278186j)
68,11,(0.06539920044210208-0.01170006865069389j)
68,12,(-0.008623494601453974+0.0007080107131838815j)
68,13,(0.053485622056362536+0.03166933555178417j)
68,14,(-0.010989722254641728+0.03400304279641516j)
68,15,(0.047204640094452556+0.027219258500559063j)
68,16,(0.09288127670456524+0.10653368061291257j)
68,17,(-0.03689537463397104-0.0012675099306752432j)
68,18,(-0.027298857872197192+0.0856309460956196j)
68,19,(-0.038803008779799406+0.010689567853650795j)
68,20,(-0.04008679017906062-0.01394599985200766j)
68,21,(-0.028273708885493274-0.005018729169179927j)
68,22,(-0.044435862825413106-0.03456335674042856j)
68,23,(0.02074196131858816+0.04394381588920122j)
68,24,(-0.08796419460190527-0.170070518979499j)
68,25,(-0.04090669631558915+0.12040781077656838j)
68,26,(0.029568283328588258-0.08150018671227775j)
68,27,(-0.0024809192343390714+0.047597286305497026j)
68,28,(0.1013294941873608-0.05382524943016115j)
68,29,(-0.05841874793087935-0.06455378591754177j)
68,30,(0.09557141796224343+0.07633224547610136j)
68,31,(0.03145187458265636-0.03160064861819587j)
68,32,(0.046258162890522134+0.007655748572422824j)
68,33,(-0.010149312844245525-0.060297498575278836j)
68,34,(0.08298090155880875-0.02792929500358889j)
68,35,(-0.06172925690707851-0.01727503101678606j)
68,36,(0.10493035157758814+0.0689532544603404j)
68,37,(-0.03652850718943809+0.01191520794035665j)
68,38,(0.03873288816136524+0.06939921435286266j)
68,39,(-0.0038250993863306656-0.031544497565384966j)
68,40,(-0.04687078811930892+0.017128164791412312j)
68,41,(0.03378989210560922-0.024506943697166227j)
68,42,(0.038768521865869605+0.08830047752955034j)
68,43,(-0.01856590660513157+0.0492782454609417j)
68,44,(-0.06626586679186346+0.025272915917141925j)
68,45,(-0.05072153254592445+0.0015523342425062233j)
68,46,(-0.006560351431042795+0.07597325672857053j)
68,47,(0.02750950510860719-0.06169357341879121j)
68,48,(-0.1371200424221489+0.14038424832168334j)
68,49,(0.02941060048098613-0.04245664247425862j)
68,50,(-0.18287745004187916-0.08378855077326482j)
68,51,(-0.0910887380769056+0.06667803309067165j)
68,52,(-0.014778095006396189-0.059527360399614586j)
68,53,(-0.01616532828891037-0.1160125114433237j)
68,54,(-0.004045370565017024-0.07148179128180294j)
68,55,(0.045529237531046256-0.08477009173743709j)
68,56,(-0.04653237936586021-0.20711562699983369j)
68,57,(0.06548736218461222+0.008052126300546494j)
68,58,(0.15789119640633095-0.19033977028670668j)
68,59,(0.0688329399920131-0.07081904165564691j)
68,60,(0.03781091426438603-0.05604611863558407j)
68,61,(0.20718859647689475+0.05207967659116652j)
68,62,(0.02851407015339625-0.18483959848495304j)
68,63,(-0.09587711080453679+0.012751720492209299j)
68,64,(-0.011317883202863942+0.03414654146692953j)
68,65,(0.013245679964564721+0.21990388765097527j)
68,66,(-0.1621467687874473+0.014792826931588876j)
68,67,(-0.12829841906978737+0.12100535031109791j)
68,68,(-0.08444362980986349-0.07230034733188094j)
69,-69,(0.09318513023252589+0.08233442241537528j)
69,-68,(0.027428768240971-0.08214244300632903j)
69,-67,(-0.01009753390608861+0.09307698763988508j)
69,-66,(0.11914447024156423-0.08445685440178691j)
69,-65,(0.008066684922947409-0.14330564121061645j)
69,-64,(0.18703732054722835+0.07319047035017937j)
69,-63,(-0.12328690280418717-0.022406365123191985j)
69,-62,(0.08622392388338994-0.020561704369175027j)
69,-61,(0.023419811511207714-0.051933470701461766j)
69,-60,(0.13685474563917172+0.08108344311052455j)
69,-59,(0.00036231756138762656+0.04251664231915299j)
69,-58,(0.005804388895887922+0.06559675191342383j)
69,-57,(-0.021676208234801486+0.01557165516976288j)
69,-56,(0.010511903913808953-0.03168596819231355j)
69,-55,(0.13688437702813122+0.03735838103908813j)
69,-54,(0.02320718260488276+0.0185544092875406j)
69,-53,(0.024843668900789765+0.14982049272150044j)
69,-52,(-0.050930262702296905-0.04134960312444556j)
69,-51,(-0.039717102290783714+0.06336207959517998j)
69,-50,(0.0772575715453934+0.005789549276759771j)
69,-49,(-0.03435550613123536+0.0471996641694557j)
69,-48,(0.10106521719860863-0.004466504376034763j)
69,-47,(-0.03744426907997737+0.078337028557472j)
69,-46,(0.11608161403470585+0.1355659083241302j)
69,-45,(-0.14239596534466392+0.07149764141077941j)
69,-44,(-0.014938218173290132+0.10222066883286353j)
69,-43,(-0.1584716462703213+0.006184780647329278j)
69,-42,(-0.043252513781678284+0.07329619139964791j)
69,-41,(-0.03728899721006958-0.12557369556944506j)
69,-40,(-0.030657454804358532+0.004275347813247684j)
69,-39,(-0.01977696115950739-0.010019164161457263j)
69,-38,(0.00852217316904461+0.06267362091354305j)
69,-37,(0.1002393630527162-0.06607269466878685j)
69,-36,(-0.10351888980910672+0.014766892484250496j)
69,-35,(-0.08927023003110619-0.040668849502384516j)
69,-34,(-0.16710456683366082-0.03054251889103927j)
69,-33,(0.030642990312444596-0.010390072804024052j)
69,-32,(-0.1361728345335712-0.1014869887171781j)
69,-31,(0.012440737700670022+0.022215571199270735j)
69,-30,(-0.0108013667612327-0.08584384827679774j)
69,-29,(0.11545279258392123+0.020322910717141027j)
69,-28,(0.059262784147355224-0.06842551937740374j)
69,-27,(0.02033408784129331+0.07739355982386635j)
69,-26,(0.04343464582382398-0.03345883917925158j)
69,-25,(-0.03201890763394279+0.04421137944005629j)
69,-24,(0.12331756449210482-0.1455260560427394j)
69,-23,(0.021516593218539222+0.03872072785104513j)
69,-22,(0.15437626659265152-0.03106462275935601j)
69,-21,(0.028187006998949753-0.0804295016495184j)
69,-20,(0.1221372105471475+0.05722108616180007j)
69,-19,(0.022067496076278892-0.06778331989266248j)
69,-18,(0.01924376636931185+0.054496438953651256j)
69,-17,(0.06393552688406189+0.04180466169137616j)
69,-16,(0.05069378558401122+0.06828144989854337j)
69,-15,(0.05198232110701426+0.0778577921054071j)
69,-14,(-0.020446070278256272+0.015314211472181035j)
69,-13,(-0.015229017853770066+0.04176757620665337j)
69,-12,(-0.06847445006075048-0.02841808870551123j)
69,-11,(-0.01641631500511356+0.0022791872629999337j)
69,-10,(0.02271388169643481-0.06799939217029222j)
69,-9,(-0.012414182503382658+0.016709340366230414j)
69,-8,(0.027284197409266037-0.048248172019679736j)
69,-7,(-0.04809262776531193+0.028003098801676254j)
69,-6,(0.07237686739707856+0.023217367314672093j)
69,-5,(-0.02316881945245452-0.035906049197284295j)
69,-4,(0.03670154260112485+0.022867064632731346j)
69,-3,(0.023954126185803604-0.029397656425841356j)
69,-2,(0.04328931495924755+0.06060670626836413j)
69,-1,(-0.011605518412972938-0.046253255757182976j)
69,0,(0.0474501877433446+0j)
69,1,(0.011605518412972927-0.04625325575718298j)
69,2,(0.043289314959247545-0.06060670626836413j)
69,3,(-0.02395412618580361-0.02939765642584135j)
69,4,(0.03670154260112485-0.022867064632731342j)
69,5,(0.02316881945245451-0.03590604919728429j)
69,6,(0.07237686739707856-0.023217367314672093j)
69,7,(0.04809262776531192+0.028003098801676233j)
69,8,(0.02728419740926604+0.048248172019679736j)
69,9,(0.012414182503382668+0.016709340366230414j)
69,10,(0.02271388169643481+0.06799939217029222j)
69,11,(0.01641631500511354+0.0022791872629999697j)
69,12,(-0.06847445006075047+0.02841808870551123j)
69,13,(0.015229017853770066+0.04176757620665337j)
69,14,(-0.020446070278256262-0.01531421147218104j)
69,15,(-0.051982321107014236+0.07785779210540707j)
69,16,(0.05069378558401122-0.0682814498985434j)
69,17,(-0.0639355268840619+0.04180466169137615j)
69,18,(0.01924376636931186-0.05449643895365126j)
69,19,(-0.022067496076278895-0.06778331989266244j)
69,20,(0.1221372105471475-0.05722108616180006j)
69,21,(-0.028187006998949736-0.0804295016495184j)
69,22,(0.15437626659265144+0.031064622759356j)
69,23,(-0.021516593218539215+0.03872072785104509j)
69,24,(0.12331756449210482+0.14552605604273944j)
69,25,(0.03201890763394275+0.04421137944005629j)
69,26,(0.04343464582382396+0.03345883917925161j)
69,27,(-0.020334087841293286+0.07739355982386635j)
69,28,(0.059262784147355266+0.06842551937740375j)
69,29,(-0.11545279258392127+0.020322910717140995j)
69,30,(-0.010801366761232709+0.08584384827679771j)
69,31,(-0.012440737700669991+0.022215571199270718j)
69,32,(-0.13617283453357115+0.1014869887171781j)
69,33,(-0.030642990312444628-0.010390072804024045j)
69,34,(-0.1671045668336608+0.03054251889103926j)
69,35,(0.08927023003110619-0.04066884950238452j)
69,36,(-0.10351888980910667-0.014766892484250501j)
69,37,(-0.10023936305271622-0.06607269466878686j)
69,38,(0.008522173169044587-0.06267362091354302j)
69,39,(0.01977696115950738-0.010019164161457289j)
69,40,(-0.03065745480435849-0.0042753478132476815j)
69,41,(0.037288997210069556-0.12557369556944506j)
69,42,(-0.04325251378167828-0.07329619139964785j)
69,43,(0.15847164627032134+0.00618478064732928j)
69,44,(-0.014938218173290151-0.10222066883286356j)
69,45,(0.14239596534466392+0.07149764141077943j)
69,46,(0.11608161403470585-0.1355659083241302j)
69,47,(0.0374442690799774+0.07833702855747202j)
69,48,(0.10106521719860867+0.004466504376034726j)
69,49,(0.03435550613123534+0.04719966416945571j)
69,50,(0.0772575715453934-0.005789549276759745j)
69,51,(0.03971710229078367+0.06336207959517991j)
69,52,(-0.050930262702296905+0.04134960312444558j)
69,53,(-0.024843668900789775+0.14982049272150044j)
69,54,(0.023207182604882748-0.018554409287540614j)
69,55,(-0.13688437702813108+0.037358381039088104j)
69,56,(0.010511903913808959+0.03168596819231355j)
69,57,(0.021676208234801472+0.015571655169762869j)
69,58,(0.0058043888958879365-0.06559675191342378j)
69,59,(-0.0003623175613876214+0.04251664231915297j)
69,60,(0.13685474563917172-0.08108344311052454j)
69,61,(-0.023419811511207735-0.051933470701461766j)
69,62,(0.08622392388339+0.020561704369175055j)
69,63,(0.1232869028041872-0.022406365123192013j)
69,64,(0.18703732054722844-0.07319047035017939j)
69,65,(-0.008066684922947417-0.14330564121061637j)
69,66,(0.11914447024156427+0.08445685440178691j)
69,67,(0.010097533906088602+0.09307698763988505j)
69,68,(0.027428768240971+0.08214244300632904j)
69,69,(-0.09318513023252592+0.08233442241537531j)
70,-70,(0.010396214342626523-0.08144224425141712j)
70,-69,(-0.1442876254411468-0.03908589474600088j)
70,-68,(0.15446868757548482-0.01979579333855884j)
70,-67,(-0.12279491826732171-0.22427915572208879j)
70,-66,(0.02279886658943208-0.031706896145368535j)
70,-65,(-0.07681093201256825+0.028635676376701398j)
70,-64,(-0.18347173265266195+0.03795809303743852j)
70,-63,(0.14170186078329106-0.11259035799902363j)
70,-62,(-0.01797019571958733-0.02670010565847061j)
70,-61,(0.12827468814231752-0.0006275540835458253j)
70,-60,(-0.16845138533407902-0.06171617525277179j)
70,-59,(0.008728184765897979-0.060388126879870475j)
70,-58,(-0.10054574882328945-0.1306443246616054j)
70,-57,(0.14722899910851148-0.03514587593640142j)
70,-56,(0.015925157918786105-0.1051450745365913j)
70,-55,(0.07089719731240222+0.08168142559245876j)
70,-54,(-0.013216800335629438-0.0288673988556534j)
70,-53,(-0.03602960157414716+0.09298060509604818j)
70,-52,(0.0505200256355642-0.06563636343504145j)
70,-51,(0.08848887581053971-0.024927095390287167j)
70,-50,(0.14492827902666686-0.017323691794152447j)
70,-49,(0.08064371078258503-0.008620095240238383j)
70,-48,(0.07962243053733857+0.04947748750110121j)
70,-47,(-0.013461825457717267+0.008583573194960368j)
70,-46,(-0.018870032467045227+0.0025210962500843174j)
70,-45,(0.07275258915687502-0.023920453928974534j)
70,-44,(-0.014064211228588724-0.11589333409610704j)
70,-43,(0.10634819918553158-0.023594198366880162j)
70,-42,(0.057414752977271714-0.030690048034207155j)
70,-41,(0.10988800203768552+0.03379076786951385j)
70,-40,(0.009219649517962107+0.11141630966904212j)
70,-39,(0.03655892986396797+0.05899104450787158j)
70,-38,(-0.024597291420583183+0.08276662044037028j)
70,-37,(-0.057983251387092746+0.04818220213314256j)
70,-36,(0.02601858273085625-0.03510690011778894j)
70,-35,(0.04328212928817711+0.07527741004107145j)
70,-34,(-0.0007694446446069579-0.02399322429130028j)
70,-33,(-0.0027530975316798325+0.05980496824579217j)
70,-32,(-0.045365766387577895+0.07569932252243401j)
70,-31,(-0.062170794673673015-0.051585546168183304j)
70,-30,(-0.031095932675697692+0.080430026549981j)
70,-29,(-0.022538212928825314+0.0033466573725780945j)
70,-28,(-0.035187671033594374-0.038980869204131276j)
70,-27,(-0.03177752836494694-0.010345203589688486j)
70,-26,(-0.01855182720020889-0.03962547216392084j)
70,-25,(-0.03800184726657913-0.09619371773747222j)
70,-24,(0.04872465765250909-0.032289558789616896j)
70,-23,(0.0052931182895592285+0.016552739849727195j)
70,-22,(0.06622812484800092-0.06197128929678779j)
70,-21,(-0.016501458661782598-0.03549905621272711j)
70,-20,(0.0068205237250631425+0.05349698901114349j)
70,-19,(-0.011198597605994006-0.01100238226010286j)
70,-18,(0.01602818433348046-0.0013399588299627698j)
70,-17,(-0.02299465003231176-0.001417944464689836j)
70,-16,(0.026704942376409378+0.0307553047294747j)
70,-15,(0.012835108617221145-0.08339586755901277j)
70,-14,(0.00855383710096164-0.006215846176680532j)
70,-13,(0.04489704318677156-0.017594906008171658j)
70,-12,(0.04520737395016487+0.043062043809598924j)
70,-11,(0.08572627521621289-0.00043381130116138694j)
70,-10,(-0.02278431429540115+0.018771115510132864j)
70,-9,(0.041357522730598555+0.0601029143129971j)
70,-8,(-0.08387941624565998-0.02769894435618865j)
70,-7,(-0.05204926910906389+0.03127005492622194j)
70,-6,(-0.022104058517127986-0.039561988699382274j)
70,-5,(-0.06592957027328221+0.0308140992662887j)
70,-4,(-0.05040605314759142+0.036019721701023764j)
70,-3,(-0.019238949264951243-0.0339565705801844j)
70,-2,(-0.037319784567824955-0.09095909321818674j)
70,-1,(-0.030990626152060077-0.06064545271835348j)
70,0,(-0.020876526506000092+0j)
70,1,(0.030990626152060084-0.0606454527183535j)
70,2,(-0.037319784567824955+0.09095909321818671j)
70,3,(0.01923894926495125-0.033956570580184406j)
70,4,(-0.05040605314759142-0.03601972170102376j)
70,5,(0.06592957027328221+0.030814099266288694j)
70,6,(-0.022104058517128006+0.03956198869938228j)
70,7,(0.05204926910906389+0.031270054926221924j)
70,8,(-0.08387941624565996+0.027698944356188665j)
70,9,(-0.04135752273059855+0.0601029143129971j)
70,10,(-0.022784314295401162-0.01877111551013286j)
70,11,(-0.08572627521621293-0.00043381130116138694j)
70,12,(0.045207373950164866-0.04306204380959891j)
70,13,(-0.04489704318677155-0.01759490600817164j)
70,14,(0.008553837100961656+0.0062158461766805345j)
70,15,(-0.012835108617221156-0.08339586755901275j)
70,16,(0.026704942376409378-0.03075530472947469j)
70,17,(0.022994650032311766-0.0014179444646898465j)
70,18,(0.016028184333480407+0.0013399588299627646j)
70,19,(0.011198597605994022-0.011002382260102849j)
70,20,(0.006820523725063169-0.05349698901114346j)
70,21,(0.01650145866178262-0.03549905621272711j)
70,22,(0.0662281248480009+0.06197128929678782j)
70,23,(-0.005293118289559221+0.016552739849727216j)
70,24,(0.04872465765250911+0.03228955878961691j)
70,25,(0.03800184726657913-0.09619371773747219j)
70,26,(-0.018551827200208912+0.0396254721639208j)
70,27,(0.031777528364946926-0.010345203589688434j)
70,28,(-0.03518767103359437+0.038980869204131255j)
70,29,(0.022538212928825324+0.0033466573725780893j)
70,30,(-0.03109593267569768-0.08043002654998102j)
70,31,(0.062170794673672994-0.05158554616818329j)
70,32,(-0.04536576638757789-0.07569932252243403j)
70,33,(0.00275309753167983+0.0598049682457922j)
70,34,(-0.0007694446446069164+0.023993224291300262j)
70,35,(-0.04328212928817711+0.07527741004107145j)
70,36,(0.026018582730856235+0.03510690011778894j)
70,37,(0.05798325138709278+0.04818220213314261j)
70,38,(-0.024597291420583176-0.08276662044037032j)
70,39,(-0.036558929863967964+0.05899104450787158j)
70,40,(0.009219649517962138-0.11141630966904212j)
70,41,(-0.10988800203768553+0.033790767869513814j)
70,42,(0.057414752977271714+0.03069004803420714j)
70,43,(-0.10634819918553158-0.02359419836688014j)
70,44,(-0.01406421122858876+0.11589333409610714j)
70,45,(-0.07275258915687498-0.023920453928974517j)
70,46,(-0.018870032467045227-0.002521096250084292j)
70,47,(0.013461825457717269+0.008583573194960389j)
70,48,(0.0796224305373386-0.04947748750110123j)
70,49,(-0.08064371078258506-0.008620095240238372j)
70,50,(0.14492827902666686+0.01732369179415248j)
70,51,(-0.08848887581053966-0.02492709539028716j)
70,52,(0.05052002563556422+0.06563636343504145j)
70,53,(0.03602960157414717+0.0929806050960482j)
70,54,(-0.013216800335629428+0.028867398855653394j)
70,55,(-0.07089719731240221+0.08168142559245876j)
70,56,(0.015925157918786098+0.10514507453659123j)
70,57,(-0.1472289991085114-0.03514587593640139j)
70,58,(-0.10054574882328937+0.1306443246616053j)
70,59,(-0.008728184765897968-0.06038812687987043j)
70,60,(-0.16845138533407902+0.06171617525277179j)
70,61,(-0.12827468814231754-0.0006275540835458279j)
70,62,(-0.017970195719587325+0.026700105658470613j)
70,63,(-0.14170186078329108-0.11259035799902367j)
70,64,(-0.18347173265266195-0.03795809303743852j)
70,65,(0.07681093201256829+0.028635676376701395j)
70,66,(0.022798866589432084+0.03170689614536853j)
70,67,(0.12279491826732172-0.22427915572208879j)
70,68,(0.15446868757548485+0.019795793338558833j)
70,69,(0.14428762544114673-0.039085894746000875j)
70,70,(0.010396214342626544+0.0814422442514171j)
71,-71,(-0.09111867855568026-0.0673476958787043j)
71,-70,(-0.07398196126461631+0.12762060427826064j)
71,-69,(-0.043707590905759604-0.09580765447736375j)
71,-68,(-0.09445027822862126+0.024394921852682813j)
71,-67,(0.0232711501913346+0.06505312068292478j)
71,-66,(-0.21872865953035292+0.12465349731556688j)
71,-65,(-0.04969106318238467+0.037169624238305984j)
71,-64,(0.08223827411721511+0.044067809795085275j)
71,-63,(-0.05225421964719852+0.08047669508948316j)
71,-62,(-0.13123942292340185-0.058265878663854624j)
71,-61,(-0.11715319291698573-0.006561481879811918j)
71,-60,(0.04037686175610164-0.10921418131768998j)
71,-59,(-0.10638303078644733+0.06487975439724056j)
71,-58,(0.004190237875505407-0.04418554785177638j)
71,-57,(-0.12038839172403198+0.09616217837991978j)
71,-56,(0.007761435974578559+0.083411491728254j)
71,-55,(-0.1047505971149246-0.06562156960871848j)
71,-54,(0.05662405947033402+0.04145209200032628j)
71,-53,(-0.05477821964400055-0.13615314588529162j)
71,-52,(0.07108699556854899+0.06904132468055062j)
71,-51,(-0.015069258782933906-0.09144980841102744j)
71,-50,(-0.0229654461509244+0.135483975124434j)
71,-49,(0.012060786318145974-0.12379875817614869j)
71,-48,(-0.10887001274797001-0.09343890913286375j)
71,-47,(0.041330662615998257-0.15472439105456914j)
71,-46,(-0.0762397394032518-0.0910660779063922j)
71,-45,(0.14273039716566258-0.017324482772068134j)
71,-44,(-0.008373918973453841-0.043515546678567094j)
71,-43,(0.0646946232757542-0.008196747540897695j)
71,-42,(-0.13604614679750138+0.013212882244453238j)
71,-41,(0.05169406256413882-0.005706090124845062j)
71,-40,(-0.05676944356550035-0.09766554047962556j)
71,-39,(-0.004050364594882106+0.047160408431358006j)
71,-38,(0.04751581890375792-0.16378688981453177j)
71,-37,(0.09833862943237226+0.09949818382727682j)
71,-36,(0.12151054963138028-0.04008791740664073j)
71,-35,(0.009389786721266318+0.1304744823126299j)
71,-34,(0.11015220215182214-0.007870986644638516j)
71,-33,(-0.019045827686823513+0.10220614930122507j)
71,-32,(0.040314573994259764+0.05794608146422298j)
71,-31,(-0.11301853212055948+0.01192187073124534j)
71,-30,(0.0167179015789399+0.059443354063349066j)
71,-29,(-0.09278137112234655-0.09514826653705176j)
71,-28,(0.06662804122839763+0.06672089518189382j)
71,-27,(0.004798518186908784-0.016680096601935417j)
71,-26,(-0.04772166155742654+0.08547604837076271j)
71,-25,(-0.02386780520041233-0.042622798593503014j)
71,-24,(-0.07907024895923923+0.12306889013304922j)
71,-23,(0.0367101203281198+0.027838521424999634j)
71,-22,(-0.11258381491530194+0.031444534397130935j)
71,-21,(-0.00044227215853596193+0.009193033933513426j)
71,-20,(-0.056712248025846276-0.027707877755679844j)
71,-19,(-0.037307450312490796-0.06948399912920396j)
71,-18,(-0.0785787567325558-0.10970013499715234j)
71,-17,(-0.041154590187814+0.061368926603003825j)
71,-16,(0.026095185693925275-0.08590463412067677j)
71,-15,(0.018740872967047528+0.025367054166158823j)
71,-14,(0.06785414159276286-0.04168065560590275j)
71,-13,(0.05744107181188747+0.0805337743501853j)
71,-12,(0.014692997311447036+0.004770353929297188j)
71,-11,(-0.02016537922124766-0.03889934059638605j)
71,-10,(0.08272289028960424+0.06332920000596516j)
71,-9,(-0.025960178055663852-0.028996527174510792j)
71,-8,(-0.014035494830815839+0.026127948135810323j)
71,-7,(0.04501447223242432-0.01746292969265325j)
71,-6,(-0.0361703289756219+0.007506471464098042j)
71,-5,(0.0362322372813371+0.0002608367944093079j)
71,-4,(-0.03762257816849798+0.04882834501105382j)
71,-3,(0.06832375272089289+0.05196664294801476j)
71,-2,(-0.014788869813936581+0.00655927733706108j)
71,-1,(0.005718321399968191+0.0858640218857288j)
71,0,(0.07884886403609476+0j)
71,1,(-0.005718321399968196+0.0858640218857288j)
71,2,(-0.014788869813936593-0.00655927733706108j)
71,3,(-0.06832375272089289+0.05196664294801476j)
71,4,(-0.03762257816849797-0.04882834501105379j)
71,5,(-0.03623223728133712+0.00026083679440931304j)
71,6,(-0.0361703289756219-0.0075064714640980445j)
71,7,(-0.04501447223242432-0.01746292969265326j)
71,8,(-0.014035494830815856-0.026127948135810323j)
71,9,(0.025960178055663852-0.028996527174510803j)
71,10,(0.08272289028960424-0.06332920000596516j)
71,11,(0.020165379221247646-0.03889934059638604j)
71,12,(0.014692997311447036-0.004770353929297183j)
71,13,(-0.05744107181188751+0.08053377435018527j)
71,14,(0.06785414159276286+0.04168065560590277j)
71,15,(-0.018740872967047534+0.02536705416615883j)
71,16,(0.026095185693925285+0.08590463412067678j)
71,17,(0.041154590187813984+0.06136892660300383j)
71,18,(-0.07857875673255578+0.10970013499715234j)
71,19,(0.03730745031249078-0.06948399912920396j)
71,20,(-0.056712248025846276+0.02770787775567983j)
71,21,(0.0004422721585359516+0.009193033933513433j)
71,22,(-0.11258381491530194-0.03144453439713093j)
71,23,(-0.03671012032811981+0.027838521424999638j)
71,24,(-0.0790702489592392-0.12306889013304927j)
71,25,(0.023867805200412345-0.04262279859350305j)
71,26,(-0.04772166155742652-0.08547604837076274j)
71,27,(-0.004798518186908792-0.016680096601935424j)
71,28,(0.06662804122839756-0.06672089518189378j)
71,29,(0.09278137112234656-0.09514826653705176j)
71,30,(0.016717901578939924-0.059443354063349066j)
71,31,(0.11301853212055948+0.01192187073124535j)
71,32,(0.040314573994259764-0.057946081464223004j)
71,33,(0.019045827686823513+0.102206149301225j)
71,34,(0.11015220215182218+0.007870986644638516j)
71,35,(-0.009389786721266323+0.13047448231262984j)
71,36,(0.12151054963138025+0.040087917406640736j)
71,37,(-0.09833862943237227+0.09949818382727683j)
71,38,(0.04751581890375793+0.16378688981453174j)
71,39,(0.004050364594882106+0.04716040843135797j)
71,40,(-0.05676944356550034+0.09766554047962553j)
71,41,(-0.05169406256413878-0.005706090124845071j)
71,42,(-0.13604614679750138-0.013212882244453225j)
71,43,(-0.0646946232757543-0.00819674754089769j)
71,44,(-0.008373918973453838+0.04351554667856709j)
71,45,(-0.14273039716566255-0.017324482772068096j)
71,46,(-0.07623973940325182+0.09106607790639225j)
71,47,(-0.04133066261599826-0.15472439105456917j)
71,48,(-0.10887001274797001+0.09343890913286372j)
71,49,(-0.012060786318146019-0.12379875817614873j)
71,50,(-0.02296544615092438-0.13548397512443397j)
71,51,(0.015069258782933897-0.09144980841102744j)
71,52,(0.07108699556854894-0.06904132468055058j)
71,53,(0.05477821964400052-0.13615314588529157j)
71,54,(0.056624059470334054-0.041452092000326284j)
71,55,(0.10475059711492463-0.06562156960871846j)
71,56,(0.007761435974578559-0.08341149172825392j)
71,57,(0.12038839172403187+0.0961621783799197j)
71,58,(0.004190237875505405+0.04418554785177638j)
71,59,(0.1063830307864473+0.06487975439724056j)
71,60,(0.04037686175610164+0.10921418131768998j)
71,61,(0.11715319291698577-0.006561481879811921j)
71,62,(-0.13123942292340188+0.058265878663854624j)
71,63,(0.052254219647198515+0.08047669508948317j)
71,64,(0.08223827411721517-0.04406780979508528j)
71,65,(0.049691063182384684+0.03716962423830599j)
71,66,(-0.2187286595303531-0.12465349731556692j)
71,67,(-0.023271150191334605+0.06505312068292479j)
71,68,(-0.09445027822862122-0.024394921852682806j)
71,69,(0.043707590905759604-0.09580765447736374j)
71,70,(-0.07398196126461629-0.1276206042782606j)
71,71,(0.09111867855568025-0.06734769587870426j)
72,-72,(0.03307849866765512+0.10370630768599064j)
72,-71,(0.1292538769203608-0.04702245136835391j)
72,-70,(-0.09656524667810039+0.026353382623865287j)
72,-69,(-0.01400103625741543+0.2032136710974661j)
72,-68,(0.05229071095448081+0.03983386032340924j)
72,-67,(0.008794485996201175+0.028428567587973734j)
72,-66,(0.12379269049021788-0.04568531852344736j)
72,-65,(0.01639469376486674+0.16405070962483914j)
72,-64,(0.07232331020986607-0.012457467801786528j)
72,-63,(-0.13948826253933316+0.044477132121712566j)
72,-62,(0.09892502446093485-0.021428876694931546j)
72,-61,(0.07450894897142973+0.07425773559421525j)
72,-60,(0.1286445683515492+0.16790295122552892j)
72,-59,(-0.0174622908202647+0.08675673736952992j)
72,-58,(0.02294658945729593+0.13556818268782234j)
72,-57,(-0.07086919571356429-0.017280312362864814j)
72,-56,(0.0009146450909924284+0.010631695831280836j)
72,-55,(0.05334977740056246-0.0596776381721791j)
72,-54,(-0.029200483247312645+0.03935373377929327j)
72,-53,(0.0349329025895886+0.11002078094591788j)
72,-52,(-0.1783930826306653-0.004120440600185784j)
72,-51,(-0.06842945102988524-0.006824941388362851j)
72,-50,(-0.10492336344873833-0.015114985058325179j)
72,-49,(-0.018314961985490975-0.014593952117527842j)
72,-48,(-0.012970939689530855-0.1196718217514396j)
72,-47,(-0.01084327177159483+0.050779327923509365j)
72,-46,(0.03189170498071112-0.0004934418307325553j)
72,-45,(-0.1451589329696306+0.024824607759713048j)
72,-44,(0.014226207399334471+0.013946033791231258j)
72,-43,(-0.04153927111651018-0.039565994909256955j)
72,-42,(0.0397269143780278-0.05871402630858433j)
72,-41,(0.008159110574430292-0.10566059143418544j)
72,-40,(0.06980924697072687-0.026162081972797194j)
72,-39,(-0.03319222119123123-0.11873699903968159j)
72,-38,(0.04844707087285287-0.009869704977478699j)
72,-37,(0.006410867800267642-0.04319955129916084j)
72,-36,(-0.010030735726568764+0.015450470634188498j)
72,-35,(0.016960320376755874-0.07712868496920834j)
72,-34,(-0.05291951924381875-0.0595710959303582j)
72,-33,(0.018769271188424305-0.021886744612559825j)
72,-32,(0.015183159448235154-0.02421533107818899j)
72,-31,(0.05896887353173682+0.010038711776124925j)
72,-30,(0.059573089634535066-0.0811550676095899j)
72,-29,(0.09883716016183468+0.06700761336007265j)
72,-28,(0.04056234964783434+0.04952331366945512j)
72,-27,(-0.019559254822593217+0.09272734708483679j)
72,-26,(0.04057617483895424+0.020595659636967165j)
72,-25,(-0.022793414185518758+0.05467881911786507j)
72,-24,(0.01289408085800217+0.06528288392939388j)
72,-23,(0.05154158353139102+0.009020349863713481j)
72,-22,(0.048153867810442896-0.001791379347490722j)
72,-21,(0.041376828513028284+0.006369016319267932j)
72,-20,(0.0006959294741767122-0.03066776396401785j)
72,-19,(0.04434571043568439-0.002616183677379112j)
72,-18,(-0.0016416480770779745+0.048561487900573325j)
72,-17,(0.04834626868601917+0.031005897309904683j)
72,-16,(-0.06687985873841305-0.0078074890209647455j)
72,-15,(-0.004534240853747423+0.03716546594972861j)
72,-14,(-0.08996464654589338-0.05503967422755509j)
72,-13,(-0.03152670128140731+0.040007178073329215j)
72,-12,(-0.0860249253698201-0.021151184413691206j)
72,-11,(-0.013659753824108336+0.018902788023777085j)
72,-10,(-0.042909144293671236-0.08275457519649397j)
72,-9,(-0.09663626802327602-0.024992162051987135j)
72,-8,(0.02781175574864052+0.0006080056787828447j)
72,-7,(0.015776471357138788-0.004527505517994943j)
72,-6,(0.021024597630738866-0.04839292942260576j)
72,-5,(0.07274090347943638+0.02324012547187658j)
72,-4,(0.00762539206617586+0.01449143085253646j)
72,-3,(0.07268656785806622+0.007658031664035934j)
72,-2,(0.003858835657586349+0.004935176305334977j)
72,-1,(-0.0012288678042203566+0.047191777965614516j)
72,0,(-0.010903910966428865+0j)
72,1,(0.0012288678042203566+0.047191777965614516j)
72,2,(0.003858835657586349-0.004935176305334998j)
72,3,(-0.07268656785806622+0.007658031664035927j)
72,4,(0.007625392066175855-0.014491430852536435j)
72,5,(-0.07274090347943638+0.023240125471876573j)
72,6,(0.021024597630738863+0.04839292942260573j)
72,7,(-0.015776471357138794-0.004527505517994941j)
72,8,(0.027811755748640525-0.0006080056787828317j)
72,9,(0.09663626802327602-0.024992162051987146j)
72,10,(-0.04290914429367122+0.08275457519649396j)
72,11,(0.013659753824108336+0.018902788023777102j)
72,12,(-0.08602492536982012+0.021151184413691217j)
72,13,(0.031526701281407304+0.04000717807332924j)
72,14,(-0.0899646465458934+0.05503967422755509j)
72,15,(0.00453424085374742+0.037165465949728624j)
72,16,(-0.06687985873841304+0.007807489020964748j)
72,17,(-0.048346268686019156+0.031005897309904665j)
72,18,(-0.0016416480770780042-0.04856148790057328j)
72,19,(-0.04434571043568438-0.002616183677379127j)
72,20,(0.0006959294741767251+0.03066776396401786j)
72,21,(-0.04137682851302829+0.006369016319267953j)
72,22,(0.04815386781044281+0.001791379347490722j)
72,23,(-0.051541583531391+0.00902034986371349j)
72,24,(0.01289408085800218-0.06528288392939394j)
72,25,(0.02279341418551876+0.05467881911786507j)
72,26,(0.04057617483895424-0.02059565963696718j)
72,27,(0.01955925482259323+0.09272734708483679j)
72,28,(0.040562349647834374-0.04952331366945512j)
72,29,(-0.09883716016183461+0.0670076133600726j)
72,30,(0.059573089634535094+0.0811550676095899j)
72,31,(-0.05896887353173685+0.01003871177612493j)
72,32,(0.015183159448235154+0.024215331078189014j)
72,33,(-0.018769271188424273-0.02188674461255985j)
72,34,(-0.05291951924381876+0.05957109593035822j)
72,35,(-0.016960320376755874-0.07712868496920838j)
72,36,(-0.010030735726568738-0.01545047063418848j)
72,37,(-0.006410867800267676-0.043199551299160865j)
72,38,(0.04844707087285285+0.009869704977478697j)
72,39,(0.03319222119123123-0.11873699903968161j)
72,40,(0.06980924697072684+0.026162081972797215j)
72,41,(-0.008159110574430282-0.10566059143418548j)
72,42,(0.039726914378027806+0.05871402630858435j)
72,43,(0.04153927111651017-0.03956599490925698j)
72,44,(0.014226207399334476-0.013946033791231263j)
72,45,(0.14515893296963062+0.02482460775971307j)
72,46,(0.03189170498071115+0.0004934418307325631j)
72,47,(0.010843271771594845+0.05077932792350936j)
72,48,(-0.012970939689530874+0.11967182175143957j)
72,49,(0.01831496198549095-0.014593952117527866j)
72,50,(-0.10492336344873837+0.015114985058325195j)
72,51,(0.06842945102988525-0.006824941388362868j)
72,52,(-0.17839308263066533+0.004120440600185782j)
72,53,(-0.0349329025895886+0.11002078094591787j)
72,54,(-0.029200483247312618-0.03935373377929325j)
72,55,(-0.053349777400562466-0.0596776381721791j)
72,56,(0.0009146450909924336-0.010631695831280825j)
72,57,(0.07086919571356425-0.017280312362864807j)
72,58,(0.022946589457295895-0.1355681826878223j)
72,59,(0.017462290820264726+0.08675673736952996j)
72,60,(0.12864456835154922-0.16790295122552898j)
72,61,(-0.07450894897142969+0.07425773559421524j)
72,62,(0.09892502446093485+0.02142887669493154j)
72,63,(0.13948826253933322+0.04447713212171257j)
72,64,(0.07232331020986611+0.012457467801786538j)
72,65,(-0.01639469376486675+0.16405070962483922j)
72,66,(0.12379269049021797+0.04568531852344739j)
72,67,(-0.00879448599620118+0.028428567587973713j)
72,68,(0.052290710954480804-0.039833860323409236j)
72,69,(0.01400103625741543+0.2032136710974661j)
72,70,(-0.09656524667810035-0.026353382623865287j)
72,71,(-0.1292538769203609-0.04702245136835391j)
72,72,(0.0330784986676551-0.10370630768599058j)
73,-73,(0.1517970386062383-0.06741001926044296j)
73,-72,(0.003179399601312948-0.08840351786751414j)
73,-71,(-0.007624341220868059+0.0819293237707638j)
73,-70,(0.08169704946103117-0.04079073348830393j)
73,-69,(-0.04270619691278633-0.08593564176987381j)
73,-68,(0.09703755909518524-0.14996259410431298j)
73,-67,(0.09200673237379109-0.042020262917824305j)
73,-66,(-0.037203591100937496+0.032255677832244124j)
73,-65,(-0.04115110395107067-0.11403794839730926j)
73,-64,(0.0180709476869311+0.005318083954917238j)
73,-63,(0.056360673000879734-0.12513592863818387j)
73,-62,(0.011160607367442848+0.15126820109316524j)
73,-61,(0.06225596830299314-0.006184228653871134j)
73,-60,(-0.062195049603709356+0.07424838445007059j)
73,-59,(0.051104809433134245-0.11007375034515837j)
73,-58,(-0.12109234458170565+0.00660490773362161j)
73,-57,(0.09151055984263867+0.01842722520345161j)
73,-56,(-0.03135014748637215+0.0709890710098666j)
73,-55,(0.08532698706987156+0.10797284084759076j)
73,-54,(-0.09061017295165054-0.02670304469423734j)
73,-53,(-0.000606073946667215+0.08751199943821386j)
73,-52,(0.018797752952216324-0.10277540893791022j)
73,-51,(0.061196200402139266+0.08424558184215207j)
73,-50,(0.07062857906647885+0.018410250874094296j)
73,-49,(0.018933350231499158+0.0644006962176151j)
73,-48,(0.0662449947744338+0.059435300974607135j)
73,-47,(-0.02480971848820102+0.10613333394589186j)
73,-46,(0.016611921692129706+0.04955710101283671j)
73,-45,(-0.03997224540507336+0.00032311551003388363j)
73,-44,(-0.04656555673650368-0.0414844876095561j)
73,-43,(-0.03432898672716445-0.01243882653115559j)
73,-42,(0.015362272312795027+0.020315319894816834j)
73,-41,(-0.05588531259549835-0.0123746596393371j)
73,-40,(0.08333865413999175+0.017283648487638935j)
73,-39,(-0.13625126426719136+0.004312662516582057j)
73,-38,(-0.029556762941300583+0.10527055350723877j)
73,-37,(-0.08571571779468244-0.0711998028061309j)
73,-36,(-0.04417464024392773+0.037487562246373576j)
73,-35,(-0.027200943403911583-0.10225930860093428j)
73,-34,(-0.023917196361213557-0.05881310323601297j)
73,-33,(0.05422283821991809-0.06732600420289843j)
73,-32,(-0.03085439011948106-0.002092179643012026j)
73,-31,(0.05087773174149201-0.02593971705530677j)
73,-30,(-0.05044053120217344-0.03668012889863698j)
73,-29,(0.013551732415647914+0.021804079820193573j)
73,-28,(0.01073368705377783-0.07665079543343974j)
73,-27,(0.04471720375992881+0.012388892208798288j)
73,-26,(-0.046177225377163074-0.08006400974133897j)
73,-25,(0.023249946964819416-0.005717229306330708j)
73,-24,(0.04931656283962114-0.12243953754931051j)
73,-23,(0.01836125146273597+0.009594182813197877j)
73,-22,(0.08462732518982369-0.05877295839173312j)
73,-21,(0.04879114654700205+0.04092895644592798j)
73,-20,(0.0770310289915666-0.01245933127522702j)
73,-19,(-0.007814525613134591+0.012382525697969179j)
73,-18,(0.03220175171342468+0.03856416945308354j)
73,-17,(-0.006393494704376459-0.02641822615724276j)
73,-16,(0.02001800169663596+0.08710295580008455j)
73,-15,(-0.04077922970024089-0.0021073191668449245j)
73,-14,(0.022204931265385704+0.04776581405312705j)
73,-13,(0.03622379300234591-0.027371106690509454j)
73,-12,(-0.06799848108581844+0.059958865486098335j)
73,-11,(0.03191712765439824+0.02759934759968094j)
73,-10,(-0.003555840770525439-0.00817884617075563j)
73,-9,(0.02203066159118694-0.015260686394913353j)
73,-8,(0.01889648579560193-0.029368091791829063j)
73,-7,(-0.05243612795766215+0.04561052979399367j)
73,-6,(-0.01354076380267721+0.0056565999605780685j)
73,-5,(-0.10481313724324612+0.011845800555450843j)
73,-4,(0.013050485505422413-0.04689791862592857j)
73,-3,(-0.07302249449638416-0.03477764414601938j)
73,-2,(-0.016363640045790516-0.011552959486875066j)
73,-1,(-0.033849026549069745-0.08830583361334171j)
73,0,(6.34378887064014e-05+0j)
73,1,(0.033849026549069766-0.08830583361334172j)
73,2,(-0.0163636400457905+0.011552959486875063j)
73,3,(0.07302249449638416-0.03477764414601939j)
73,4,(0.013050485505422428+0.04689791862592857j)
73,5,(0.10481313724324608+0.011845800555450854j)
73,6,(-0.013540763802677217-0.005656599960578084j)
73,7,(0.05243612795766217+0.04561052979399364j)
73,8,(0.01889648579560193+0.02936809179182903j)
73,9,(-0.022030661591186933-0.015260686394913358j)
73,10,(-0.003555840770525449+0.00817884617075562j)
73,11,(-0.03191712765439823+0.027599347599680933j)
73,12,(-0.06799848108581844-0.05995886548609834j)
73,13,(-0.03622379300234593-0.02737110669050945j)
73,14,(0.02220493126538572-0.047765814053127055j)
73,15,(0.04077922970024091-0.0021073191668449297j)
73,16,(0.020018001696635937-0.08710295580008456j)
73,17,(0.006393494704376446-0.02641822615724278j)
73,18,(0.032201751713424674-0.038564169453083545j)
73,19,(0.007814525613134591+0.012382525697969163j)
73,20,(0.0770310289915666+0.01245933127522702j)
73,21,(-0.04879114654700207+0.04092895644592799j)
73,22,(0.08462732518982365+0.058772958391733104j)
73,23,(-0.018361251462735966+0.009594182813197866j)
73,24,(0.04931656283962116+0.12243953754931057j)
73,25,(-0.023249946964819412-0.005717229306330716j)
73,26,(-0.046177225377163074+0.08006400974133894j)
73,27,(-0.044717203759928804+0.012388892208798278j)
73,28,(0.010733687053777793+0.07665079543343971j)
73,29,(-0.01355173241564792+0.021804079820193573j)
73,30,(-0.050440531202173455+0.03668012889863695j)
73,31,(-0.05087773174149204-0.02593971705530674j)
73,32,(-0.03085439011948104+0.0020921796430120173j)
73,33,(-0.054222838219918135-0.06732600420289844j)
73,34,(-0.023917196361213536+0.05881310323601297j)
73,35,(0.02720094340391159-0.10225930860093428j)
73,36,(-0.044174640243927726-0.03748756224637359j)
73,37,(0.08571571779468243-0.0711998028061309j)
73,38,(-0.029556762941300566-0.10527055350723874j)
73,39,(0.13625126426719145+0.004312662516582073j)
73,40,(0.08333865413999174-0.01728364848763891j)
73,41,(0.05588531259549835-0.012374659639337107j)
73,42,(0.015362272312795012-0.020315319894816854j)
73,43,(0.03432898672716447-0.012438826531155592j)
73,44,(-0.04656555673650369+0.04148448760955613j)
73,45,(0.03997224540507336+0.0003231155100338577j)
73,46,(0.016611921692129702-0.049557101012836696j)
73,47,(0.02480971848820104+0.10613333394589186j)
73,48,(0.0662449947744338-0.05943530097460714j)
73,49,(-0.018933350231499148+0.06440069621761509j)
73,50,(0.07062857906647887-0.018410250874094276j)
73,51,(-0.0611962004021393+0.08424558184215211j)
73,52,(0.01879775295221633+0.10277540893791028j)
73,53,(0.0006060739466671852+0.08751199943821383j)
73,54,(-0.0906101729516505+0.02670304469423733j)
73,55,(-0.08532698706987157+0.10797284084759072j)
73,56,(-0.03135014748637217-0.07098907100986662j)
73,57,(-0.09151055984263869+0.01842722520345161j)
73,58,(-0.12109234458170572-0.00660490773362162j)
73,59,(-0.051104809433134224-0.11007375034515833j)
73,60,(-0.062195049603709335-0.07424838445007059j)
73,61,(-0.06225596830299312-0.0061842286538711135j)
73,62,(0.011160607367442864-0.15126820109316516j)
73,63,(-0.05636067300087978-0.12513592863818393j)
73,64,(0.018070947686931106-0.005318083954917242j)
73,65,(0.04115110395107071-0.11403794839730934j)
73,66,(-0.0372035911009375-0.03225567783224413j)
73,67,(-0.09200673237379113-0.042020262917824326j)
73,68,(0.09703755909518529+0.149962594104313j)
73,69,(0.04270619691278631-0.08593564176987378j)
73,70,(0.08169704946103125+0.04079073348830394j)
73,71,(0.007624341220868066+0.08192932377076377j)
73,72,(0.0031793996013129637+0.08840351786751414j)
73,73,(-0.1517970386062383-0.06741001926044295j)
74,-74,(-0.09345906896399682-0.054316720977507976j)
74,-73,(-0.14833637739349503+0.047429165667818116j)
74,-72,(0.050139472362632206+0.007284135157634722j)
74,-71,(-0.017339444146488307-0.06491931076986002j)
74,-70,(-0.05516451907741836-0.06899681725100301j)
74,-69,(-0.052498683314419696-0.06701009685532812j)
74,-68,(-0.09777272903101299+0.0869104681061159j)
74,-67,(-0.054981969762468226-0.02123994072831003j)
74,-66,(0.03260289710362063+0.03302639042567821j)
74,-65,(-0.0038178331070954485-0.0304200718849871j)
74,-64,(0.01639585131560579+0.02451766038180514j)
74,-63,(-0.00754124606170518+0.005496215727953608j)
74,-62,(-0.1365318999695906-0.0341537732458887j)
74,-61,(0.0004754594729196002-0.06206006215151094j)
74,-60,(-0.03806018230830294-0.1489745802406178j)
74,-59,(0.024165677244112695+0.058692751089374565j)
74,-58,(-0.03004206511308061-0.02087769672173279j)
74,-57,(0.007846524610736273+0.0452779310792533j)
74,-56,(-0.009848423782741122-0.08162713927318511j)
74,-55,(-0.15818938847802566-0.014968822697002592j)
74,-54,(0.045617221319605064-0.06496501707484144j)
74,-53,(0.03230474556376235-0.04626719259038683j)
74,-52,(0.09514083593601272-0.01891992190879918j)
74,-51,(0.05250293105183463-0.01865278319881696j)
74,-50,(0.09181186363839867+0.03734076108197125j)
74,-49,(0.06099436256576542-0.026293575814588747j)
74,-48,(-0.03444092137202437+0.022531444665604847j)
74,-47,(0.03716648429632369-0.09131663337821021j)
74,-46,(0.050030679105502594-0.0015562774340846586j)
74,-45,(0.11869420226257729-0.08894261355654022j)
74,-44,(0.031531506254023546+0.02562180692057564j)
74,-43,(0.11176820926816623-0.009912609414042949j)
74,-42,(-0.07073922484814614+0.009491550423992665j)
74,-41,(0.09795832866756389+0.07965125273982877j)
74,-40,(-0.08535751003443244+0.013168135137645465j)
74,-39,(0.03087178853932447+0.016652654685484047j)
74,-38,(-0.026523880364479044+0.0016354359287937027j)
74,-37,(-0.010118199225205132+0.06492538004603401j)
74,-36,(0.027754597502449553-0.07864656817578615j)
74,-35,(-0.005459381029461129+0.07954410784792082j)
74,-34,(0.05504629947097982+0.0282721191195514j)
74,-33,(-0.059678507972682475+0.13005076376902977j)
74,-32,(-0.05476323349438436+0.05228870228969732j)
74,-31,(-0.12067216923556069+0.012929817747294651j)
74,-30,(-0.03235198184894025-0.010989058705944164j)
74,-29,(-0.15074176593140018-0.027486179009642203j)
74,-28,(0.006583155885157757+0.01887549550143244j)
74,-27,(-0.05591719282092588-0.10003472603365134j)
74,-26,(0.007811735104453487+0.030469522634053517j)
74,-25,(-0.0037829692506987176-0.07937671145882938j)
74,-24,(-0.04982597936539037+0.05837102057249189j)
74,-23,(-0.03371132241080541-0.028712711174864236j)
74,-22,(-0.046125547638543755+0.021809720340463j)
74,-21,(0.06238197457785669-0.004163703360827265j)
74,-20,(-0.033840519260665496-0.01652439839084511j)
74,-19,(0.052083843975624045-0.006952268539088318j)
74,-18,(0.03296446393083193-0.047964420224435284j)
74,-17,(0.023648434263564097-0.04438390168560953j)
74,-16,(0.06763292830972764-0.046578178663344044j)
74,-15,(0.011942456334585303+0.022583467319521336j)
74,-14,(0.0541311229057433+0.022685882684677645j)
74,-13,(0.05204858612382805-0.018454003447053415j)
74,-12,(0.02405277124609917+0.038553766096945954j)
74,-11,(0.03045990498216229-0.048305245294544066j)
74,-10,(0.024461667081388364+0.027040803059986865j)
74,-9,(-0.016017703203535346-0.03243950243988681j)
74,-8,(-0.07757069097783145+0.0276304660997687j)
74,-7,(0.003094937825092794+0.03670494335587074j)
74,-6,(-0.002945173781152378-0.037956153812372474j)
74,-5,(0.04427897724161495-0.005606557414323262j)
74,-4,(0.012975529460876496+0.00926359601676265j)
74,-3,(-0.026401139061254277+0.014110722249441031j)
74,-2,(-0.08090321052566425+0.01478685313433957j)
74,-1,(0.012080588972423508+0.020779348759115947j)
74,0,(-0.06560455725646157+0j)
74,1,(-0.012080588972423513+0.020779348759115936j)
74,2,(-0.08090321052566424-0.014786853134339556j)
74,3,(0.026401139061254283+0.014110722249441024j)
74,4,(0.012975529460876475-0.009263596016762654j)
74,5,(-0.04427897724161498-0.005606557414323267j)
74,6,(-0.002945173781152404+0.03795615381237247j)
74,7,(-0.0030949378250928064+0.03670494335587074j)
74,8,(-0.07757069097783145-0.02763046609976868j)
74,9,(0.016017703203535325-0.0324395024398868j)
74,10,(0.024461667081388375-0.027040803059986865j)
74,11,(-0.03045990498216233-0.04830524529454409j)
74,12,(0.02405277124609916-0.03855376609694596j)
74,13,(-0.05204858612382809-0.018454003447053415j)
74,14,(0.0541311229057433-0.022685882684677663j)
74,15,(-0.011942456334585301+0.022583467319521343j)
74,16,(0.06763292830972767+0.04657817866334404j)
74,17,(-0.023648434263564076-0.04438390168560953j)
74,18,(0.03296446393083192+0.04796442022443532j)
74,19,(-0.052083843975624065-0.006952268539088313j)
74,20,(-0.033840519260665475+0.016524398390845112j)
74,21,(-0.06238197457785672-0.004163703360827298j)
74,22,(-0.046125547638543804-0.021809720340463006j)
74,23,(0.0337113224108054-0.028712711174864236j)
74,24,(-0.04982597936539037-0.05837102057249187j)
74,25,(0.0037829692506987254-0.07937671145882937j)
74,26,(0.007811735104453492-0.030469522634053538j)
74,27,(0.05591719282092585-0.10003472603365131j)
74,28,(0.006583155885157781-0.018875495501432416j)
74,29,(0.15074176593140015-0.02748617900964221j)
74,30,(-0.032351981848940246+0.010989058705944127j)
74,31,(0.12067216923556064+0.01292981774729464j)
74,32,(-0.05476323349438436-0.052288702289697356j)
74,33,(0.05967850797268246+0.13005076376902983j)
74,34,(0.05504629947097988-0.028272119119551412j)
74,35,(0.005459381029461124+0.07954410784792076j)
74,36,(0.027754597502449543+0.07864656817578614j)
74,37,(0.010118199225205158+0.06492538004603406j)
74,38,(-0.026523880364479023-0.001635435928793677j)
74,39,(-0.030871788539324492+0.016652654685484065j)
74,40,(-0.08535751003443247-0.013168135137645493j)
74,41,(-0.09795832866756396+0.07965125273982875j)
74,42,(-0.07073922484814614-0.009491550423992702j)
74,43,(-0.11176820926816625-0.009912609414042945j)
74,44,(0.03153150625402354-0.025621806920575644j)
74,45,(-0.11869420226257725-0.08894261355654019j)
74,46,(0.05003067910550261+0.001556277434084669j)
74,47,(-0.03716648429632369-0.09131663337821017j)
74,48,(-0.03444092137202437-0.02253144466560485j)
74,49,(-0.06099436256576545-0.026293575814588757j)
74,50,(0.09181186363839867-0.03734076108197124j)
74,51,(-0.05250293105183462-0.018652783198816976j)
74,52,(0.09514083593601273+0.01891992190879916j)
74,53,(-0.032304745563762345-0.04626719259038685j)
74,54,(0.045617221319605064+0.06496501707484141j)
74,55,(0.1581893884780256-0.014968822697002587j)
74,56,(-0.009848423782741124+0.08162713927318509j)
74,57,(-0.007846524610736288+0.04527793107925334j)
74,58,(-0.03004206511308063+0.020877696721732803j)
74,59,(-0.024165677244112695+0.05869275108937455j)
74,60,(-0.03806018230830293+0.14897458024061763j)
74,61,(-0.00047545947291961185-0.06206006215151095j)
74,62,(-0.1365318999695906+0.03415377324588869j)
74,63,(0.007541246061705182+0.005496215727953602j)
74,64,(0.016395851315605836-0.02451766038180514j)
74,65,(0.0038178331070954437-0.030420071884987087j)
74,66,(0.03260289710362066-0.033026390425678225j)
74,67,(0.05498196976246822-0.021239940728310047j)
74,68,(-0.09777272903101303-0.08691046810611594j)
74,69,(0.05249868331441972-0.06701009685532819j)
74,70,(-0.05516451907741836+0.06899681725100301j)
74,71,(0.017339444146488286-0.06491931076986002j)
74,72,(0.05013947236263221-0.007284135157634723j)
74,73,(0.14833637739349495+0.04742916566781811j)
74,74,(-0.09345906896399683+0.054316720977508j)
75,-75,(-0.024471305766699918+0.13090408043777566j)
75,-74,(0.04971838252190256+0.09450124201063766j)
75,-73,(0.046731608618497275-0.027788563327180348j)
75,-72,(-0.07026565785978693+0.07758303932458657j)
75,-71,(-0.00019623414731308436-0.04602633038693122j)
75,-70,(-0.011691160938775695+0.10043378458937627j)
75,-69,(-0.05026894949964119+0.07893130682119297j)
75,-68,(-0.016612997108838984-0.07265357384211173j)
75,-67,(0.07231950347734689+0.025363151822044117j)
75,-66,(-0.08266427309947769+0.015461433656433661j)
75,-65,(0.010542993600206914+0.048814549881812774j)
75,-64,(-0.07694908562273313+0.021066076840802615j)
75,-63,(-1.9059494861295755e-05+0.02715465191831864j)
75,-62,(-0.011184873426720332-0.09078256113752348j)
75,-61,(0.0054213760305669104+0.11635128701362112j)
75,-60,(0.02966941427728028-0.0006489191165975795j)
75,-59,(-0.04272407833738355+0.11639496121839167j)
75,-58,(-0.05636184428437415+0.04006081224512233j)
75,-57,(-0.11124689192234366-0.07520528502372414j)
75,-56,(0.06892084060577115-0.07805848425174464j)
75,-55,(0.0042009642221153-0.08767383532046175j)
75,-54,(-0.00686576135625832+0.05010367293968244j)
75,-53,(-0.01002456904668224-0.04524940293887461j)
75,-52,(-0.024074036648818926-0.015245148573982528j)
75,-51,(-0.04762009452943463-0.04514265016549094j)
75,-50,(0.003392716587770132+0.038848102074211924j)
75,-49,(-0.02916880770579285-0.17565883076851593j)
75,-48,(0.016199956492583323-0.043088442591241775j)
75,-47,(0.024781396934152593-0.04897707538433968j)
75,-46,(0.01956903647918887+0.03659910477241416j)
75,-45,(-0.006545052281396847+0.03768232946563415j)
75,-44,(-0.07500701051028037-0.03630397746562783j)
75,-43,(0.0457258092157238+0.05464604431558565j)
75,-42,(0.033020262222578436-0.05786489247705087j)
75,-41,(-0.002412190311241885-0.04807437134446676j)
75,-40,(0.07357631510969637-0.06734721048272163j)
75,-39,(0.1178246735006763+0.0315935474134429j)
75,-38,(0.0466284190416955-0.09626102915285871j)
75,-37,(0.09328415097093522+0.014442111392358419j)
75,-36,(0.044886664301984375-0.001707702197028383j)
75,-35,(0.018052864581147177+0.0673920089452249j)
75,-34,(0.07309183011309477-0.021853352031299216j)
75,-33,(-0.03527070125261112+0.004916492455084959j)
75,-32,(0.014899186757469252+0.03439772938975081j)
75,-31,(-0.041233077848694115+0.002218230404912662j)
75,-30,(0.06613090763883211-0.0385950560721402j)
75,-29,(-0.03869736793618964+0.04215842461636958j)
75,-28,(0.04600696572150467+0.034238601025918323j)
75,-27,(-0.04780615930538334+0.030211946448630605j)
75,-26,(-0.00684258664987273+0.11167987859540257j)
75,-25,(-0.004062294548009651+0.07766019946627575j)
75,-24,(-0.07544162265294194+0.05557348105659664j)
75,-23,(-0.0023488062661976947+0.020898628318031187j)
75,-22,(-0.03747174364219384+0.04442095660881292j)
75,-21,(0.02407704832276577-0.03581030267847514j)
75,-20,(-0.09187361373611423-0.007641670032285669j)
75,-19,(0.07126236679575315-0.07263695965789625j)
75,-18,(-0.07250157286183545-0.046607200032025904j)
75,-17,(-0.0020428473137358324-0.012579636991586112j)
75,-16,(-0.0002675887864395053-0.05482562922219299j)
75,-15,(0.054049634949036175+0.03916493275302207j)
75,-14,(-0.01033226929285948-0.01537271698663746j)
75,-13,(6.880083698437862e-05+0.024246862945662646j)
75,-12,(-0.005921651620527815-0.02685579028061251j)
75,-11,(-0.008782638327516645+0.0004578512006203413j)
75,-10,(0.07488410220486379-0.03214601055407521j)
75,-9,(-0.04432777001549483-0.06829307058899299j)
75,-8,(0.019127490668313363-0.027180541631981053j)
75,-7,(0.02547577107506134-0.020780778526521278j)
75,-6,(0.07839279683284037+0.030025648730998042j)
75,-5,(0.0553935569193544-0.05177210088721697j)
75,-4,(0.009939896209653836+0.03437236554787719j)
75,-3,(0.04722992966325579+0.0303998760865741j)
75,-2,(0.01699361295489526+0.053359879586475936j)
75,-1,(0.02435903594962407+0.054967186811119804j)
75,0,(-0.02451135551143427+0j)
75,1,(-0.02435903594962407+0.054967186811119825j)
75,2,(0.01699361295489527-0.053359879586475936j)
75,3,(-0.04722992966325579+0.03039987608657411j)
75,4,(0.009939896209653833-0.03437236554787717j)
75,5,(-0.05539355691935442-0.051772100887216954j)
75,6,(0.07839279683284038-0.030025648730998052j)
75,7,(-0.025475771075061337-0.02078077852652126j)
75,8,(0.019127490668313374+0.027180541631981053j)
75,9,(0.04432777001549483-0.06829307058899298j)
75,10,(0.07488410220486381+0.03214601055407523j)
75,11,(0.00878263832751665+0.0004578512006203588j)
75,12,(-0.005921651620527828+0.0268557902806125j)
75,13,(-6.880083698438899e-05+0.024246862945662636j)
75,14,(-0.010332269292859474+0.015372716986637436j)
75,15,(-0.05404963494903619+0.03916493275302206j)
75,16,(-0.00026758878643952085+0.054825629222193j)
75,17,(0.0020428473137358194-0.01257963699158608j)
75,18,(-0.07250157286183541+0.046607200032025904j)
75,19,(-0.0712623667957532-0.07263695965789621j)
75,20,(-0.09187361373611426+0.007641670032285674j)
75,21,(-0.02407704832276576-0.035810302678475084j)
75,22,(-0.037471743642193786-0.04442095660881294j)
75,23,(0.0023488062661976973+0.020898628318031198j)
75,24,(-0.07544162265294195-0.05557348105659664j)
75,25,(0.004062294548009646+0.07766019946627578j)
75,26,(-0.006842586649872725-0.11167987859540253j)
75,27,(0.04780615930538334+0.030211946448630626j)
75,28,(0.046006965721504686-0.03423860102591833j)
75,29,(0.03869736793618961+0.0421584246163696j)
75,30,(0.06613090763883209+0.0385950560721402j)
75,31,(0.04123307784869407+0.0022182304049126527j)
75,32,(0.014899186757469252-0.03439772938975083j)
75,33,(0.0352707012526111+0.004916492455084933j)
75,34,(0.07309183011309474+0.021853352031299254j)
75,35,(-0.01805286458114718+0.0673920089452249j)
75,36,(0.04488666430198436+0.0017077021970283985j)
75,37,(-0.09328415097093523+0.014442111392358441j)
75,38,(0.04662841904169553+0.09626102915285874j)
75,39,(-0.1178246735006763+0.0315935474134429j)
75,40,(0.0735763151096964+0.06734721048272163j)
75,41,(0.00241219031124189-0.04807437134446676j)
75,42,(0.03302026222257846+0.05786489247705089j)
75,43,(-0.04572580921572376+0.05464604431558565j)
75,44,(-0.07500701051028037+0.03630397746562782j)
75,45,(0.0065450522813968615+0.03768232946563415j)
75,46,(0.019569036479188867-0.036599104772414154j)
75,47,(-0.024781396934152596-0.04897707538433962j)
75,48,(0.016199956492583312+0.043088442591241775j)
75,49,(0.02916880770579284-0.17565883076851596j)
75,50,(0.0033927165877701217-0.03884810207421193j)
75,51,(0.047620094529434644-0.045142650165490954j)
75,52,(-0.02407403664881891+0.015245148573982533j)
75,53,(0.01002456904668223-0.04524940293887461j)
75,54,(-0.00686576135625832-0.050103672939682466j)
75,55,(-0.004200964222115333-0.08767383532046175j)
75,56,(0.06892084060577115+0.07805848425174464j)
75,57,(0.11124689192234366-0.07520528502372416j)
75,58,(-0.05636184428437421-0.040060812245122326j)
75,59,(0.04272407833738352+0.11639496121839166j)
75,60,(0.02966941427728028+0.0006489191165975614j)
75,61,(-0.005421376030566918+0.11635128701362107j)
75,62,(-0.011184873426720327+0.09078256113752349j)
75,63,(1.9059494861298344e-05+0.02715465191831864j)
75,64,(-0.07694908562273312-0.021066076840802597j)
75,65,(-0.01054299360020692+0.048814549881812774j)
75,66,(-0.08266427309947767-0.015461433656433664j)
75,67,(-0.07231950347734692+0.02536315182204412j)
75,68,(-0.01661299710883897+0.07265357384211177j)
75,69,(0.05026894949964121+0.078931306821193j)
75,70,(-0.011691160938775706-0.1004337845893763j)
75,71,(0.00019623414731307398-0.04602633038693121j)
75,72,(-0.07026565785978692-0.07758303932458656j)
75,73,(-0.046731608618497275-0.027788563327180354j)
75,74,(0.049718382521902575-0.09450124201063761j)
75,75,(0.024471305766699897+0.13090408043777557j)
76,-76,(0.04000564288867468+0.12445578436863763j)
76,-75,(0.10510563663256872-0.09413561115261977j)
76,-74,(0.005986360471012118-0.017122056176813366j)
76,-73,(0.058816385889846154+0.04431553580294728j)
76,-72,(0.006354526029588574-0.041569847411621313j)
76,-71,(0.11445821639464605+0.05127351696608649j)
76,-70,(-0.015774889162980015-0.05510500566702247j)
76,-69,(0.09992038389696518-0.02639951855285692j)
76,-68,(0.03367457348155462-0.003412046618687852j)
76,-67,(0.02829966635236741+0.08258503598313123j)
76,-66,(-0.005867462163449673-0.0478866622143742j)
76,-65,(-0.05354913557381217-0.023026844340281277j)
76,-64,(0.08803063270671989-0.022761493984465874j)
76,-63,(0.02825771176885543-0.02985759900140297j)
76,-62,(0.09173782329023858+0.10989270828512146j)
76,-61,(-0.045854692332404176+0.006136847441329015j)
76,-60,(0.020120044102135925+0.08916372173905794j)
76,-59,(0.0114086585079599+0.004546675141907562j)
76,-58,(0.04614724777462287+0.08205432095698982j)
76,-57,(0.05743104030603569-0.06807954863476837j)
76,-56,(-0.004901999635617868+0.03641868676960011j)
76,-55,(0.03482086213285289+0.01651328624299924j)
76,-54,(-0.16908467396113747+0.06148909667221929j)
76,-53,(0.005986889383908781-0.06154493906870695j)
76,-52,(-0.0982893852294609-0.05334550698866464j)
76,-51,(0.055901833202921344+0.029701047389778697j)
76,-50,(0.015285514081666382-0.020704655768418824j)
76,-49,(0.04701794164411413+0.01761027430191895j)
76,-48,(0.021570332258553225+0.05059091324623921j)
76,-47,(-0.08339485317602938+0.07801039027306368j)
76,-46,(-0.0009976516209066382+0.0012162481751953802j)
76,-45,(-0.08702178018735163-0.034457277398448054j)
76,-44,(-0.006912269884792571-0.048041185191909905j)
76,-43,(-0.1030371702369842-0.023992258817484964j)
76,-42,(0.05909772096393-0.07882204321956864j)
76,-41,(-0.025854288026912774-0.03021706079363693j)
76,-40,(0.04451819334015879-0.012248312957126362j)
76,-39,(-0.05166317978197442-0.059165591332444166j)
76,-38,(0.03144288268704367+0.09621942764923568j)
76,-37,(-0.013710684459019979-0.08999542849723383j)
76,-36,(0.013937837656424352-0.0028018940317210816j)
76,-35,(-0.0014437181967030153-0.14580456637246836j)
76,-34,(-0.05721462175192605+0.0007817021461399801j)
76,-33,(0.06606991983019196-0.04993668226494007j)
76,-32,(0.03424340190689593+0.04535186526718991j)
76,-31,(0.11854701613110198-0.015214544978840835j)
76,-30,(0.0012650364256716119-0.007686601638596615j)
76,-29,(0.08558296098199009+0.05465993665976178j)
76,-28,(-0.023702488088454293+0.030825437207499497j)
76,-27,(0.04842418514090121+0.06009550073604633j)
76,-26,(-0.016677214869924382-0.010242719037916263j)
76,-25,(0.026518454663343335+0.0200803235944724j)
76,-24,(0.012664919249293324+0.004512999956782827j)
76,-23,(-0.021247540440284683+0.059287003482616556j)
76,-22,(0.07731533474902964-0.0033215401346386128j)
76,-21,(-0.00842462229735218+0.008440702414340756j)
76,-20,(0.056084234292371526-0.0193340428822047j)
76,-19,(0.004870523465123189+0.0015962645772532j)
76,-18,(0.020544598890033794+0.07720758725849544j)
76,-17,(-0.004414930528451577+0.020184976356441245j)
76,-16,(-0.024807588161947836+0.026063512151724526j)
76,-15,(-0.02896332104028883-0.020705752450420663j)
76,-14,(-0.09554789924085445-0.03640127104998774j)
76,-13,(0.018584820560979095-0.004190541827081731j)
76,-12,(-0.022267199719201235-0.03126239374398458j)
76,-11,(-0.014414221633703162+0.018949211487002748j)
76,-10,(-0.047914142944578644-0.07448118969511945j)
76,-9,(0.009418571392714879+0.03975793929999311j)
76,-8,(0.022096188350292718-0.06569724626231746j)
76,-7,(-0.021925683082303034+0.03895162757044493j)
76,-6,(0.01814870755909795-0.008213229863018532j)
76,-5,(-0.026612109171370694+0.018139488714949404j)
76,-4,(-0.018898598815023274+0.020007491393041865j)
76,-3,(-0.04377789383118612+0.010946235805086043j)
76,-2,(0.004247622341627481-0.01472846784293987j)
76,-1,(-0.051173485804863875-0.01124773042733777j)
76,0,(0.009138794054758398+0j)
76,1,(0.05117348580486386-0.011247730427337744j)
76,2,(0.004247622341627481+0.014728467842939885j)
76,3,(0.043777893831186125+0.010946235805086033j)
76,4,(-0.018898598815023267-0.020007491393041865j)
76,5,(0.02661210917137067+0.018139488714949404j)
76,6,(0.01814870755909793+0.008213229863018541j)
76,7,(0.021925683082303037+0.03895162757044494j)
76,8,(0.022096188350292728+0.06569724626231745j)
76,9,(-0.009418571392714884+0.039757939299993134j)
76,10,(-0.047914142944578644+0.07448118969511947j)
76,11,(0.014414221633703157+0.018949211487002737j)
76,12,(-0.022267199719201214+0.031262393743984575j)
76,13,(-0.018584820560979067-0.004190541827081747j)
76,14,(-0.09554789924085443+0.03640127104998775j)
76,15,(0.028963321040288842-0.020705752450420663j)
76,16,(-0.02480758816194784-0.026063512151724536j)
76,17,(0.004414930528451584+0.020184976356441245j)
76,18,(0.020544598890033763-0.07720758725849543j)
76,19,(-0.004870523465123215+0.001596264577253195j)
76,20,(0.05608423429237156+0.019334042882204708j)
76,21,(0.00842462229735216+0.008440702414340773j)
76,22,(0.07731533474902968+0.0033215401346386076j)
76,23,(0.02124754044028469+0.05928700348261656j)
76,24,(0.01266491924929334-0.004512999956782811j)
76,25,(-0.026518454663343363+0.020080323594472406j)
76,26,(-0.016677214869924385+0.010242719037916279j)
76,27,(-0.048424185140901195+0.06009550073604634j)
76,28,(-0.023702488088454255-0.030825437207499504j)
76,29,(-0.08558296098199009+0.054659936659761765j)
76,30,(0.0012650364256716145+0.007686601638596615j)
76,31,(-0.11854701613110195-0.015214544978840843j)
76,32,(0.03424340190689593-0.0453518652671899j)
76,33,(-0.06606991983019198-0.04993668226494007j)
76,34,(-0.05721462175192605-0.0007817021461399912j)
76,35,(0.0014437181967029997-0.14580456637246833j)
76,36,(0.013937837656424375+0.002801894031721079j)
76,37,(0.013710684459019995-0.08999542849723383j)
76,38,(0.03144288268704367-0.09621942764923569j)
76,39,(0.05166317978197444-0.05916559133244415j)
76,40,(0.04451819334015877+0.012248312957126339j)
76,41,(0.025854288026912784-0.03021706079363693j)
76,42,(0.05909772096393001+0.07882204321956864j)
76,43,(0.10303717023698418-0.023992258817484954j)
76,44,(-0.006912269884792588+0.04804118519190991j)
76,45,(0.08702178018735163-0.03445727739844805j)
76,46,(-0.0009976516209066252-0.0012162481751954034j)
76,47,(0.08339485317602936+0.07801039027306364j)
76,48,(0.021570332258553232-0.05059091324623915j)
76,49,(-0.04701794164411411+0.01761027430191891j)
76,50,(0.015285514081666392+0.020704655768418824j)
76,51,(-0.05590183320292134+0.029701047389778676j)
76,52,(-0.09828938522946089+0.053345506988664616j)
76,53,(-0.005986889383908784-0.06154493906870694j)
76,54,(-0.16908467396113755-0.0614890966722193j)
76,55,(-0.03482086213285291+0.016513286242999258j)
76,56,(-0.00490199963561786-0.03641868676960013j)
76,57,(-0.05743104030603567-0.06807954863476835j)
76,58,(0.046147247774622875-0.08205432095698982j)
76,59,(-0.011408658507959931+0.0045466751419075725j)
76,60,(0.02012004410213593-0.08916372173905797j)
76,61,(0.04585469233240421+0.006136847441329019j)
76,62,(0.09173782329023858-0.1098927082851215j)
76,63,(-0.02825771176885542-0.02985759900140299j)
76,64,(0.08803063270671989+0.02276149398446589j)
76,65,(0.053549135573812155-0.023026844340281263j)
76,66,(-0.005867462163449671+0.04788666221437421j)
76,67,(-0.028299666352367407+0.08258503598313126j)
76,68,(0.033674573481554615+0.003412046618687861j)
76,69,(-0.09992038389696523-0.02639951855285695j)
76,70,(-0.015774889162980033+0.0551050056670225j)
76,71,(-0.11445821639464607+0.05127351696608649j)
76,72,(0.006354526029588574+0.04156984741162133j)
76,73,(-0.05881638588984616+0.044315535802947274j)
76,74,(0.00598636047101212+0.017122056176813345j)
76,75,(-0.10510563663256871-0.09413561115261973j)
76,76,(0.0400056428886747-0.12445578436863759j)
77,-77,(0.0012655908286754716-0.10507629196368502j)
77,-76,(-0.0413495765752834-0.041986168665187416j)
77,-75,(0.02794140272067075+0.07186968246091388j)
77,-74,(0.00020465626758564556-0.027926144577110235j)
77,-73,(0.041517438262440365-0.061533487222730734j)
77,-72,(0.0012072885109612142-0.08479660240200802j)
77,-71,(-0.032697109161502556-0.08073931281307113j)
77,-70,(0.0890388651951244-0.03461799550167354j)
77,-69,(-0.11161502240387768-0.014784310788742644j)
77,-68,(-0.056491305526722824-0.048054874564483645j)
77,-67,(-0.10272381913048148-0.013826248500977419j)
77,-66,(0.07965407032833802+0.010204856295227101j)
77,-65,(-0.00875369898922407-0.06317621301074353j)
77,-64,(0.05568935204828684+0.05978396085411562j)
77,-63,(-0.022479814868028285-0.0325110746859367j)
77,-62,(-0.037331958268648616+0.029855800021588417j)
77,-61,(0.04098969916782753-0.0984571959251552j)
77,-60,(0.008854856615808296-0.04053212642179095j)
77,-59,(0.0938747827406412-0.011305633791350427j)
77,-58,(-0.018730730161091703+0.0550591140765153j)
77,-57,(0.031381651532066124+0.031865503266681174j)
77,-56,(-0.04764654310853603-0.007425063456770885j)
77,-55,(0.03312854977623421+0.03775906624348032j)
77,-54,(0.01070201687681698-0.025605396356730755j)
77,-53,(0.07004685635429087+0.009956206962110097j)
77,-52,(0.1160635196208822+0.003951811527349741j)
77,-51,(0.0487405153657306+0.07780987492422382j)
77,-50,(0.05231005748175594+0.06913286092329637j)
77,-49,(0.01838411545564902+0.03959490082713342j)
77,-48,(-0.019096944518311777+0.0807549018318302j)
77,-47,(-0.03667411340851815-0.028743054204724203j)
77,-46,(0.01809708276566593+0.04364709734786002j)
77,-45,(0.003426196144465345-0.0056384629984670845j)
77,-44,(0.030779584630906673+0.04391079057060585j)
77,-43,(0.005296612135618432+0.036033911421714165j)
77,-42,(-0.01827365170603416+0.017227065288116825j)
77,-41,(-0.04797645155265043+0.01851252581980112j)
77,-40,(-0.06041630365515547+0.031246910755967073j)
77,-39,(-0.03737348528755173-0.023910100882555733j)
77,-38,(-0.08480154085463734-0.014001961623570326j)
77,-37,(-0.02750703828002397-0.08027903290973715j)
77,-36,(-0.03875618661572702-0.037503178536513714j)
77,-35,(0.04163356149771308-0.03308395404805985j)
77,-34,(0.06562035057810423+0.020966112056837356j)
77,-33,(-0.007712847485582078+0.003345600851424429j)
77,-32,(-0.01614084626635325+0.054113903495749245j)
77,-31,(0.015313428976292686-0.015013861951380304j)
77,-30,(-0.08646915992652321-0.019814546231165818j)
77,-29,(-0.014230374081271115+0.01806974473182683j)
77,-28,(-0.010670720612012182-0.02523433262468141j)
77,-27,(-0.00227382618676154-0.10468349643432626j)
77,-26,(0.04326712127782586+0.0017495781437624272j)
77,-25,(0.029256609536424897-0.02031529587028517j)
77,-24,(0.052085704652718494-0.056054804791504036j)
77,-23,(0.036737882153353746+0.025652368903169444j)
77,-22,(0.05281173637759546+0.03824079503061689j)
77,-21,(0.0025805360686205806+0.02128557694526776j)
77,-20,(0.02040636513960495-0.061436083474043925j)
77,-19,(-0.0032308473425903023-0.0037672671846330475j)
77,-18,(0.016292145129092033+2.864955943662622e-05j)
77,-17,(-0.03807063376933326+0.016654846727338864j)
77,-16,(0.051910088762528964-0.03735145929364655j)
77,-15,(0.013791713751427355-0.005674898178576188j)
77,-14,(0.08531879529787775+0.017484962471732018j)
77,-13,(0.05082195762480554+0.0453646011713616j)
77,-12,(-0.01716860397008293+0.04569974741385872j)
77,-11,(0.03612405608280262+0.033465466516263365j)
77,-10,(-0.02938680882762335+0.05526682046309806j)
77,-9,(-0.006093838213754364-0.00837922441116891j)
77,-8,(-0.03496432001379815+0.03386303929922898j)
77,-7,(-0.013538514254509176+0.013743895755099633j)
77,-6,(-0.03669519395815708-0.010283397541748573j)
77,-5,(0.011608160502632251-0.002965743694104878j)
77,-4,(0.006261446166913153-0.012489715361330277j)
77,-3,(-0.03077862560033947-0.01796695965812141j)
77,-2,(0.06689547715183104-0.03428893200864134j)
77,-1,(0.003453885513687291-0.010722907540119229j)
77,0,(0.05014534792467259+0j)
77,1,(-0.003453885513687292-0.010722907540119241j)
77,2,(0.06689547715183103+0.03428893200864136j)
77,3,(0.030778625600339466-0.017966959658121427j)
77,4,(0.006261446166913154+0.012489715361330263j)
77,5,(-0.01160816050263224-0.002965743694104884j)
77,6,(-0.036695193958157055+0.01028339754174858j)
77,7,(0.013538514254509183+0.01374389575509963j)
77,8,(-0.03496432001379817-0.033863039299229014j)
77,9,(0.006093838213754338-0.008379224411168918j)
77,10,(-0.02938680882762336-0.05526682046309808j)
77,11,(-0.03612405608280262+0.03346546651626337j)
77,12,(-0.01716860397008293-0.045699747413858696j)
77,13,(-0.05082195762480555+0.04536460117136159j)
77,14,(0.08531879529787778-0.01748496247173206j)
77,15,(-0.013791713751427353-0.005674898178576162j)
77,16,(0.05191008876252899+0.03735145929364657j)
77,17,(0.03807063376933322+0.016654846727338846j)
77,18,(0.016292145129092026-2.8649559436615857e-05j)
77,19,(0.0032308473425903387-0.003767267184633032j)
77,20,(0.020406365139604962+0.06143608347404391j)
77,21,(-0.002580536068620573+0.021285576945267778j)
77,22,(0.05281173637759549-0.03824079503061688j)
77,23,(-0.03673788215335375+0.025652368903169433j)
77,24,(0.052085704652718494+0.05605480479150405j)
77,25,(-0.029256609536424887-0.020315295870285157j)
77,26,(0.04326712127782586-0.0017495781437624324j)
77,27,(0.002273826186761527-0.10468349643432617j)
77,28,(-0.010670720612012154+0.02523433262468143j)
77,29,(0.014230374081271138+0.018069744731826844j)
77,30,(-0.08646915992652318+0.019814546231165818j)
77,31,(-0.015313428976292707-0.015013861951380296j)
77,32,(-0.01614084626635325-0.054113903495749245j)
77,33,(0.007712847485582096+0.003345600851424437j)
77,34,(0.06562035057810417-0.02096611205683735j)
77,35,(-0.041633561497713086-0.033083954048059874j)
77,36,(-0.03875618661572701+0.037503178536513714j)
77,37,(0.027507038280024-0.08027903290973716j)
77,38,(-0.08480154085463737+0.014001961623570302j)
77,39,(0.03737348528755169-0.023910100882555727j)
77,40,(-0.06041630365515549-0.031246910755967073j)
77,41,(0.047976451552650415+0.01851252581980112j)
77,42,(-0.018273651706034177-0.01722706528811687j)
77,43,(-0.005296612135618428+0.036033911421714145j)
77,44,(0.030779584630906673-0.04391079057060583j)
77,45,(-0.0034261961444653423-0.005638462998467073j)
77,46,(0.01809708276566593-0.04364709734786003j)
77,47,(0.03667411340851814-0.028743054204724203j)
77,48,(-0.019096944518311783-0.08075490183183022j)
77,49,(-0.01838411545564903+0.039594900827133406j)
77,50,(0.05231005748175592-0.06913286092329633j)
77,51,(-0.04874051536573058+0.07780987492422382j)
77,52,(0.11606351962088225-0.003951811527349767j)
77,53,(-0.07004685635429088+0.009956206962110092j)
77,54,(0.01070201687681697+0.025605396356730745j)
77,55,(-0.03312854977623421+0.037759066243480334j)
77,56,(-0.04764654310853604+0.007425063456770901j)
77,57,(-0.031381651532066124+0.03186550326668118j)
77,58,(-0.018730730161091693-0.05505911407651529j)
77,59,(-0.09387478274064125-0.011305633791350448j)
77,60,(0.008854856615808275+0.040532126421791j)
77,61,(-0.04098969916782754-0.09845719592515523j)
77,62,(-0.037331958268648616-0.02985580002158842j)
77,63,(0.022479814868028282-0.032511074685936676j)
77,64,(0.05568935204828686-0.0597839608541156j)
77,65,(0.008753698989224071-0.06317621301074351j)
77,66,(0.07965407032833802-0.01020485629522711j)
77,67,(0.10272381913048144-0.013826248500977408j)
77,68,(-0.05649130552672284+0.04805487456448365j)
77,69,(0.11161502240387772-0.014784310788742646j)
77,70,(0.08903886519512441+0.034617995501673576j)
77,71,(0.0326971091615026-0.0807393128130712j)
77,72,(0.0012072885109612299+0.08479660240200802j)
77,73,(-0.041517438262440344-0.06153348722273073j)
77,74,(0.00020465626758564556+0.027926144577110214j)
77,75,(-0.02794140272067074+0.07186968246091388j)
77,76,(-0.04134957657528338+0.041986168665187396j)
77,77,(-0.0012655908286754844-0.10507629196368501j)
78,-78,(-0.08788843754371603-0.01815849281834411j)
78,-77,(-0.04545780440972004+0.1294211859973692j)
78,-76,(-0.027245123009416915+0.020467689726224j)
78,-75,(-0.07697109716424846+0.02627753751138391j)
78,-74,(0.05020595992983124-0.04152799266064468j)
78,-73,(-0.09359464185252889-0.011428982933717568j)
78,-72,(0.05859780660839299-0.01744733850860252j)
78,-71,(-0.1151670164683779+0.06997066258362553j)
78,-70,(-0.05424218174299097+0.021160753259114786j)
78,-69,(0.03305032200221302-0.01589818682528899j)
78,-68,(-0.028049625078563567+0.08066837010344399j)
78,-67,(0.04438499817759881+0.008270636836107634j)
78,-66,(-0.05041049866930164+0.11096891793216274j)
78,-65,(0.03050050684776863-0.03402351842192502j)
78,-64,(-0.08630833812263111-0.011779875916364885j)
78,-63,(0.0782354079001126-0.05175930005681817j)
78,-62,(-0.05503044543164266-0.05103457394952217j)
78,-61,(0.07430115530141149+0.05169598524676864j)
78,-60,(-0.033598662532642334-0.050531091821467346j)
78,-59,(-0.01805516035449174+0.10297952430453607j)
78,-58,(-0.06517961486723745-0.03941815748117196j)
78,-57,(-0.0452012304081432+0.0011204255002836869j)
78,-56,(0.04569384828913143-0.05600947936174847j)
78,-55,(-0.0309104453096193+0.015832258391357816j)
78,-54,(0.03673515147006513+0.04533199191179659j)
78,-53,(-0.011008498794406192+0.01234658378089334j)
78,-52,(0.037391179993215916-0.03370107084181616j)
78,-51,(-0.0857614811087804-0.06998647932389065j)
78,-50,(0.08491207989593781-0.026275190410349814j)
78,-49,(0.026369182141544722-0.0776957119047508j)
78,-48,(0.03856279680083105-0.028252830606304246j)
78,-47,(0.006637964469041454-0.08034572638015423j)
78,-46,(0.06084704474743674+0.0860970704000502j)
78,-45,(0.02894871464550105+0.008750348362652656j)
78,-44,(-0.012255746731450438+0.13153562303251895j)
78,-43,(0.07294251585761585+0.03982301774836133j)
78,-42,(-0.055805038694497884+0.03213320626091025j)
78,-41,(0.023826053463371934+0.014902463265078275j)
78,-40,(-0.04484117826358313-0.03864635785170283j)
78,-39,(0.09536499684334074+0.03051576820085145j)
78,-38,(0.024177516949140155+0.012642980760203822j)
78,-37,(0.11866828938461017+0.11193383046612615j)
78,-36,(0.04530057501406074+0.060409575345830795j)
78,-35,(0.029641867089827956+0.12916407781638106j)
78,-34,(-0.05329018773874932-0.001585544685741137j)
78,-33,(-0.0696832203536103+0.08479586779052702j)
78,-32,(-0.028420564119764548-0.011598623004318583j)
78,-31,(-0.049867117670075845+0.010259373218920306j)
78,-30,(0.0018478602185888133-0.1004383869294781j)
78,-29,(-0.11410344705002659+0.012001623733698893j)
78,-28,(0.0009659207421802069+0.02168237384560832j)
78,-27,(-0.07701668747360427-0.023982022728893812j)
78,-26,(0.06307867070293001+0.06444772465355175j)
78,-25,(-0.05607638668146673-0.024461053757486906j)
78,-24,(-0.019040047983141885+0.0356443567110198j)
78,-23,(-0.024834358548314703-0.07727278977075808j)
78,-22,(-0.05783503822673249+0.038070473368546666j)
78,-21,(0.007475705619138177-0.0847315210851827j)
78,-20,(-0.06126374840847638-0.031521293446387676j)
78,-19,(0.04905846968484877-0.055240555868986296j)
78,-18,(0.026944870455883774-0.043762326235171026j)
78,-17,(0.07182838122258374-0.02568149803857289j)
78,-16,(-0.006581274754592258-0.019739722186230903j)
78,-15,(0.04067618253717377+0.0033647675256481767j)
78,-14,(0.02244820942250662-0.01593088176158447j)
78,-13,(0.006987827839295566+0.008550539375551607j)
78,-12,(0.021846245240391814-0.008676941554401938j)
78,-11,(-0.022797051368521108-0.024959583252055682j)
78,-10,(0.04105961285202271+0.03523892199752938j)
78,-9,(-0.0293761768476505-0.009112896677200048j)
78,-8,(-0.013920523540028248+0.022392743548077382j)
78,-7,(0.02020907548201396+0.009962776223128854j)
78,-6,(0.026647360605146414+0.02756319829103697j)
78,-5,(0.059416742690988074-0.037165789618640685j)
78,-4,(-0.022737839163753923+0.021665168205049858j)
78,-3,(0.05348357128635862+0.01138133631612813j)
78,-2,(-0.003848401552483024-0.0025923134742250682j)
78,-1,(0.039449138279350926+0.046893926607945044j)
78,0,(0.03259130851169873+0j)
78,1,(-0.03944913827935093+0.046893926607945044j)
78,2,(-0.0038484015524830398+0.0025923134742250956j)
78,3,(-0.05348357128635865+0.011381336316128123j)
78,4,(-0.02273783916375391-0.021665168205049858j)
78,5,(-0.059416742690988074-0.0371657896186407j)
78,6,(0.026647360605146424-0.027563198291036952j)
78,7,(-0.020209075482013977+0.009962776223128857j)
78,8,(-0.013920523540028254-0.02239274354807739j)
78,9,(0.02937617684765051-0.009112896677200047j)
78,10,(0.04105961285202271-0.035238921997529385j)
78,11,(0.022797051368521077-0.02495958325205565j)
78,12,(0.021846245240391825+0.008676941554401968j)
78,13,(-0.00698782783929555+0.00855053937555161j)
78,14,(0.022448209422506624+0.015930881761584456j)
78,15,(-0.04067618253717379+0.0033647675256481924j)
78,16,(-0.006581274754592271+0.01973972218623088j)
78,17,(-0.07182838122258375-0.02568149803857288j)
78,18,(0.02694487045588377+0.04376232623517101j)
78,19,(-0.04905846968484877-0.05524055586898631j)
78,20,(-0.06126374840847639+0.031521293446387676j)
78,21,(-0.007475705619138198-0.08473152108518268j)
78,22,(-0.05783503822673247-0.038070473368546666j)
78,23,(0.02483435854831469-0.07727278977075813j)
78,24,(-0.019040047983141885-0.035644356711019815j)
78,25,(0.05607638668146673-0.024461053757486893j)
78,26,(0.06307867070292997-0.06444772465355178j)
78,27,(0.07701668747360427-0.023982022728893822j)
78,28,(0.0009659207421801914-0.021682373845608297j)
78,29,(0.11410344705002656+0.012001623733698882j)
78,30,(0.0018478602185888183+0.10043838692947814j)
78,31,(0.049867117670075865+0.010259373218920294j)
78,32,(-0.028420564119764527+0.011598623004318603j)
78,33,(0.06968322035361028+0.084795867790527j)
78,34,(-0.05329018773874934+0.0015855446857411537j)
78,35,(-0.02964186708982794+0.12916407781638103j)
78,36,(0.045300575014060734-0.06040957534583082j)
78,37,(-0.11866828938461026+0.11193383046612619j)
78,38,(0.024177516949140183-0.012642980760203818j)
78,39,(-0.09536499684334074+0.03051576820085144j)
78,40,(-0.04484117826358311+0.038646357851702826j)
78,41,(-0.023826053463371927+0.014902463265078257j)
78,42,(-0.055805038694497835-0.03213320626091021j)
78,43,(-0.07294251585761583+0.03982301774836133j)
78,44,(-0.012255746731450433-0.13153562303251892j)
78,45,(-0.02894871464550105+0.008750348362652635j)
78,46,(0.060847044747436733-0.0860970704000502j)
78,47,(-0.006637964469041449-0.08034572638015423j)
78,48,(0.03856279680083103+0.02825283060630425j)
78,49,(-0.026369182141544708-0.07769571190475076j)
78,50,(0.08491207989593777+0.026275190410349803j)
78,51,(0.08576148110878039-0.06998647932389063j)
78,52,(0.03739117999321592+0.03370107084181616j)
78,53,(0.011008498794406183+0.012346583780893343j)
78,54,(0.03673515147006516-0.04533199191179658j)
78,55,(0.03091044530961932+0.015832258391357806j)
78,56,(0.04569384828913145+0.0560094793617485j)
78,57,(0.04520123040814323+0.0011204255002836832j)
78,58,(-0.06517961486723747+0.03941815748117197j)
78,59,(0.01805516035449175+0.10297952430453604j)
78,60,(-0.033598662532642355+0.05053109182146738j)
78,61,(-0.07430115530141151+0.05169598524676867j)
78,62,(-0.055030445431642684+0.05103457394952217j)
78,63,(-0.07823540790011262-0.05175930005681817j)
78,64,(-0.08630833812263108+0.01177987591636489j)
78,65,(-0.03050050684776863-0.03402351842192504j)
78,66,(-0.05041049866930162-0.1109689179321627j)
78,67,(-0.044384998177598764+0.008270636836107617j)
78,68,(-0.02804962507856355-0.080668370103444j)
78,69,(-0.03305032200221301-0.01589818682528901j)
78,70,(-0.05424218174299099-0.021160753259114814j)
78,71,(0.11516701646837792+0.06997066258362555j)
78,72,(0.058597806608393005+0.01744733850860252j)
78,73,(0.09359464185252889-0.011428982933717566j)
78,74,(0.05020595992983124+0.041527992660644664j)
78,75,(0.07697109716424845+0.0262775375113839j)
78,76,(-0.027245123009416904-0.020467689726224j)
78,77,(0.04545780440972002+0.12942118599736924j)
78,78,(-0.08788843754371604+0.018158492818344116j)
79,-79,(0.006395248822232455+0.06361728302818519j)
79,-78,(0.019877158016466754+0.01644715255380828j)
79,-77,(0.036707730392988296-0.009403076053006675j)
79,-76,(0.01447745721881665-0.018994298680016983j)
79,-75,(0.016280983096500327+0.0025047670335091193j)
79,-74,(0.0029485553079057593+0.036884676704098736j)
79,-73,(0.06478555917785554+0.04560662536753163j)
79,-72,(-0.03562186418680132+0.09927552192215365j)
79,-71,(0.03229476585804885-0.03004908350708161j)
79,-70,(0.04663236037086135+0.09072360624432511j)
79,-69,(0.1202876025670794-0.0005463579439930815j)
79,-68,(0.022602850570977526+0.00963091235292924j)
79,-67,(-0.03931476896274801+0.011439435386313411j)
79,-66,(-0.042235160769943506-0.09973833341520036j)
79,-65,(-0.07767788043464055+0.03668022627952325j)
79,-64,(0.00335566683522928-0.019498887481916378j)
79,-63,(-0.023040198566474324+0.12579793926356575j)
79,-62,(0.07840763658948828+0.07974521382097109j)
79,-61,(-0.060491575389992384+0.03745853511648509j)
79,-60,(0.06575020474182848-0.0013693194692793655j)
79,-59,(-0.0846444002190141-0.01856369883642344j)
79,-58,(0.026284275443891995+0.0028214255240159307j)
79,-57,(0.02557217327830817-0.0439584257890468j)
79,-56,(0.08530785208648639+0.009845563628669098j)
79,-55,(-0.03592704434492269-0.006166185942826532j)
79,-54,(-0.08979183620364473+0.033368424949496926j)
79,-53,(-0.06059824830283274+0.024175372084190218j)
79,-52,(-0.09539813253622213-0.04376491088762267j)
79,-51,(-0.070917496085149-0.042984394575929764j)
79,-50,(-0.05623579022097102-0.036982245596410834j)
79,-49,(0.01160413821476977-0.029870019614255592j)
79,-48,(-0.04150033814603807+0.07394593146614215j)
79,-47,(-0.03468070206304191+0.07127938484821601j)
79,-46,(-0.007202618493656986-0.017763376208873315j)
79,-45,(-0.04512887862531611+0.0712882019354987j)
79,-44,(-0.023392628595968436-0.07071040143531296j)
79,-43,(0.01473396120466872+0.022728661004705487j)
79,-42,(0.02891535731105965-0.11792904238919913j)
79,-41,(-0.02041893829506537-0.0031232295034314393j)
79,-40,(0.10709715288763526-0.012633829252511438j)
79,-39,(-0.011996442105157037+0.035575838919021024j)
79,-38,(0.09565502219119155-0.037488779382663845j)
79,-37,(-0.06374072817889176+0.00474916710311137j)
79,-36,(-0.009269816381871774-0.05304537072917127j)
79,-35,(-0.05189323414638991-0.02062707707788783j)
79,-34,(0.06096530640460865+0.002516237036404058j)
79,-33,(0.0036652696373774885-0.049583579327595724j)
79,-32,(0.05322358963582564-0.009187320740608905j)
79,-31,(0.04304826520336061+0.04197434476928853j)
79,-30,(-0.032230079385394565+0.03938145991204135j)
79,-29,(0.08064238571948475+0.0898147782794087j)
79,-28,(-0.01942720130528796+0.057535027363891364j)
79,-27,(-0.027959347996779228+0.02658552184663757j)
79,-26,(-0.06553668951885923+0.035227766167654606j)
79,-25,(-0.08521915851029066+0.04493962119826089j)
79,-24,(-0.08622580485832121+0.016767692308397253j)
79,-23,(0.031106284575408778-0.019236625303394036j)
79,-22,(0.029240411473985997-0.006710778027816944j)
79,-21,(0.04265659652578199-0.030877231870448777j)
79,-20,(-0.032121638056265965-0.005094452910071854j)
79,-19,(0.044817324395670065-0.02975041790689022j)
79,-18,(-0.06328110743099696+0.015360162023740158j)
79,-17,(-0.0351084355039896-0.033758831651870554j)
79,-16,(-0.04258476563601642+0.023621395343988705j)
79,-15,(0.02746513234046189-0.0113528314272322j)
79,-14,(-0.038759126369266955-0.019899403542419297j)
79,-13,(0.03718060126031252+0.011166772064738454j)
79,-12,(-0.10219581606393159-0.03483336710134041j)
79,-11,(-0.0172223752210061-0.02944648036626698j)
79,-10,(0.045828337879152456-0.09060860847065508j)
79,-9,(0.05379222198841242-0.0341515334224525j)
79,-8,(0.05504039070935323+0.0027570989247325123j)
79,-7,(-0.025077260133538316-0.0021529061070093176j)
79,-6,(0.02770036346278893-0.009461761992409006j)
79,-5,(0.024184776329890884-0.0032509430438306818j)
79,-4,(0.04804841077077504+0.049771186886931836j)
79,-3,(0.01705082806758299-0.006549009044816516j)
79,-2,(-0.023860566892885102+0.013090709377503479j)
79,-1,(0.014745907596855354-0.002815206425855046j)
79,0,(-0.03494916954569228+0j)
79,1,(-0.014745907596855365-0.0028152064258550476j)
79,2,(-0.023860566892885113-0.013090709377503484j)
79,3,(-0.017050828067582995-0.006549009044816505j)
79,4,(0.048048410770775055-0.04977118688693188j)
79,5,(-0.024184776329890873-0.0032509430438306974j)
79,6,(0.027700363462788924+0.009461761992408986j)
79,7,(0.025077260133538334-0.0021529061070093103j)
79,8,(0.05504039070935322-0.00275709892473251j)
79,9,(-0.05379222198841243-0.034151533422452494j)
79,10,(0.04582833787915244+0.09060860847065508j)
79,11,(0.01722237522100611-0.029446480366266955j)
79,12,(-0.10219581606393156+0.03483336710134041j)
79,13,(-0.037180601260312515+0.011166772064738472j)
79,14,(-0.03875912636926695+0.01989940354241932j)
79,15,(-0.02746513234046189-0.01135283142723219j)
79,16,(-0.04258476563601642-0.023621395343988716j)
79,17,(0.03510843550398961-0.033758831651870554j)
79,18,(-0.063281107430997-0.015360162023740158j)
79,19,(-0.04481732439567006-0.02975041790689021j)
79,20,(-0.03212163805626598+0.005094452910071836j)
79,21,(-0.04265659652578198-0.03087723187044881j)
79,22,(0.029240411473985987+0.00671077802781696j)
79,23,(-0.03110628457540876-0.019236625303394036j)
79,24,(-0.08622580485832125-0.016767692308397284j)
79,25,(0.08521915851029062+0.04493962119826091j)
79,26,(-0.06553668951885923-0.0352277661676546j)
79,27,(0.02795934799677924+0.026585521846637542j)
79,28,(-0.01942720130528796-0.05753502736389135j)
79,29,(-0.08064238571948473+0.08981477827940866j)
79,30,(-0.03223007938539456-0.03938145991204136j)
79,31,(-0.04304826520336061+0.04197434476928854j)
79,32,(0.053223589635825616+0.009187320740608924j)
79,33,(-0.003665269637377496-0.04958357932759574j)
79,34,(0.060965306404608635-0.002516237036404069j)
79,35,(0.051893234146389924-0.020627077077887874j)
79,36,(-0.009269816381871765+0.05304537072917128j)
79,37,(0.06374072817889176+0.004749167103111377j)
79,38,(0.0956550221911916+0.037488779382663845j)
79,39,(0.011996442105157067+0.03557583891902103j)
79,40,(0.10709715288763523+0.012633829252511422j)
79,41,(0.02041893829506537-0.0031232295034314354j)
79,42,(0.028915357311059608+0.11792904238919909j)
79,43,(-0.014733961204668732+0.022728661004705487j)
79,44,(-0.023392628595968436+0.07071040143531294j)
79,45,(0.045128878625316116+0.07128820193549872j)
79,46,(-0.007202618493656991+0.017763376208873326j)
79,47,(0.03468070206304191+0.07127938484821603j)
79,48,(-0.04150033814603804-0.07394593146614212j)
79,49,(-0.01160413821476977-0.02987001961425558j)
79,50,(-0.05623579022097102+0.036982245596410855j)
79,51,(0.07091749608514902-0.04298439457592977j)
79,52,(-0.09539813253622213+0.0437649108876227j)
79,53,(0.0605982483028328+0.024175372084190256j)
79,54,(-0.08979183620364477-0.03336842494949693j)
79,55,(0.03592704434492266-0.006166185942826522j)
79,56,(0.08530785208648639-0.00984556362866911j)
79,57,(-0.02557217327830819-0.043958425789046816j)
79,58,(0.026284275443891995-0.0028214255240159155j)
79,59,(0.08464440021901415-0.01856369883642344j)
79,60,(0.06575020474182845+0.0013693194692793707j)
79,61,(0.060491575389992384+0.0374585351164851j)
79,62,(0.0784076365894883-0.07974521382097113j)
79,63,(0.023040198566474324+0.12579793926356572j)
79,64,(0.003355666835229276+0.019498887481916367j)
79,65,(0.07767788043464047+0.03668022627952321j)
79,66,(-0.0422351607699435+0.09973833341520033j)
79,67,(0.03931476896274803+0.01143943538631341j)
79,68,(0.022602850570977513-0.009630912352929222j)
79,69,(-0.12028760256707949-0.00054635794399309j)
79,70,(0.04663236037086135-0.09072360624432513j)
79,71,(-0.03229476585804885-0.030049083507081607j)
79,72,(-0.03562186418680131-0.09927552192215362j)
79,73,(-0.06478555917785556+0.04560662536753169j)
79,74,(0.002948555307905758-0.03688467670409873j)
79,75,(-0.01628098309650032+0.0025047670335091115j)
79,76,(0.014477457218816655+0.018994298680016987j)
79,77,(-0.036707730392988296-0.00940307605300668j)
79,78,(0.019877158016466747-0.016447152553808287j)
79,79,(-0.00639524882223246+0.06361728302818519j)
80,-80,(0.035315089358636365+0.04159297384430014j)
80,-79,(-0.016191335164366272-0.027879665691167618j)
80,-78,(0.06409095613982942+0.009909527573350946j)
80,-77,(0.036503755429152164+0.00200990697889458j)
80,-76,(-0.015841269759041748+0.06810757463462086j)
80,-75,(0.04340180446113226-0.044919548818107315j)
80,-74,(-0.012907367713742582+0.046852903082575j)
80,-73,(0.029278380617143798+0.059035617515621766j)
80,-72,(0.030540067492227915-0.12806132737831333j)
80,-71,(0.06096152507529803+0.006866317998276058j)
80,-70,(-0.03257354464498086-0.0990240991219624j)
80,-69,(-0.10219708381137892+0.06553966201896932j)
80,-68,(0.03989487218143863-0.09742629046135784j)
80,-67,(-0.031762208149551385+0.01536596766852907j)
80,-66,(0.056493303800053116-0.018286778677719478j)
80,-65,(-0.003668670689225662+0.025068311053799846j)
80,-64,(0.09495727923145833+0.05316132295562351j)
80,-63,(-0.01840340783289885-0.020417219234502626j)
80,-62,(0.05612245152394151-0.021529296618135428j)
80,-61,(-0.07446887193674877-0.0809618354831372j)
80,-60,(0.026938010099792332+0.02594803239745316j)
80,-59,(0.019283105850900803+0.023355085763280464j)
80,-58,(-0.014001145610221567+0.07755434490421895j)
80,-57,(-0.05723890620784812+0.0144917344323094j)
80,-56,(-0.02807445687693793+0.08588695930111173j)
80,-55,(-0.06288544189045246+0.02384107543102826j)
80,-54,(-0.06097282611788448-0.004806410788937778j)
80,-53,(-0.0052342590914688245+0.03000506055340088j)
80,-52,(0.02976954309513955-0.0008325700177008279j)
80,-51,(0.0750287095236421+0.04737538139909505j)
80,-50,(-0.044660638305217375+0.027685873415837j)
80,-49,(0.033892206367713146+0.043753041935526496j)
80,-48,(-0.007376239542565563+0.021885490317554147j)
80,-47,(-0.06911062441550427-0.0016950376720528664j)
80,-46,(-0.0012125213557924387+0.004756685164953706j)
80,-45,(-0.0194813540123252-0.02221644790881941j)
80,-44,(0.06343436259826238-0.0007229474820566128j)
80,-43,(0.010822590316039585-0.02706373825415607j)
80,-42,(-0.029429850958878404-0.020989732001723358j)
80,-41,(-0.008699127556297136+0.0038498294190866477j)
80,-40,(-0.002189705984005291-0.043025973969927106j)
80,-39,(-0.05533118169194303-0.06534640370631782j)
80,-38,(0.01646965059591+0.01226030240149835j)
80,-37,(-0.020777288597153068-0.07311430230089104j)
80,-36,(0.04079336077194117+0.0018852700439056546j)
80,-35,(-0.007896516872984706-0.0892880557748749j)
80,-34,(0.07106295166551449-0.012430963832853267j)
80,-33,(0.06328916324554072-0.06874363622901049j)
80,-32,(-0.017046212594894583+0.0709944100359616j)
80,-31,(-0.005932567995870524-0.026838706355930622j)
80,-30,(-0.013687568341642727+0.03197996849160969j)
80,-29,(0.03227096180998907-0.008237024649739558j)
80,-28,(-0.02730734250895481+0.0028403730013491146j)
80,-27,(0.01844094307508159+0.02291164674998512j)
80,-26,(0.03855029254703582-0.03603701961546301j)
80,-25,(0.02270273570571763+0.05120076341115512j)
80,-24,(0.03343870033481559-0.0037840756850552j)
80,-23,(0.01558837630779662+0.03154600314373675j)
80,-22,(0.04822036874798251-0.020578883821594833j)
80,-21,(0.004581024594172323+0.07722956924152569j)
80,-20,(0.040769085111890487-0.019499943565213035j)
80,-19,(-0.046072349485594036+0.023181445232700045j)
80,-18,(0.04714255172213659-0.005367595571292137j)
80,-17,(-0.021949492091194837+0.027021516785321182j)
80,-16,(-0.03509813766261641+0.028099795693808112j)
80,-15,(-0.05384877275391448-0.05283102550171777j)
80,-14,(-0.011481028670418935+0.013393865496269648j)
80,-13,(0.005672345927296284-0.0019728998781135677j)
80,-12,(0.045077543593131604+0.035892259821599j)
80,-11,(-0.007770673376704101+0.0299674318696458j)
80,-10,(-0.029134868761841966-0.021576338004076073j)
80,-9,(-0.008071280360582788+0.028562050921244163j)
80,-8,(-0.0438873962112336-0.0062361493038145584j)
80,-7,(-0.01035838039277205+0.02635891973776197j)
80,-6,(-0.046415911683877514-0.06849662964631582j)
80,-5,(-0.02773252336756661+0.020748264062165813j)
80,-4,(-0.01937274463527298-0.02014715727940149j)
80,-3,(-0.03499068499195142-0.06270747780632029j)
80,-2,(-0.015473421760853055-0.031315851084784914j)
80,-1,(-0.03422761953765649-0.016075194408402674j)
80,0,(0.0396991192334931+0j)
80,1,(0.03422761953765649-0.01607519440840268j)
80,2,(-0.015473421760853033+0.03131585108478492j)
80,3,(0.0349906849919514-0.06270747780632027j)
80,4,(-0.019372744635272984+0.020147157279401494j)
80,5,(0.02773252336756662+0.020748264062165823j)
80,6,(-0.046415911683877514+0.06849662964631582j)
80,7,(0.010358380392772077+0.026358919737761975j)
80,8,(-0.04388739621123361+0.006236149303814564j)
80,9,(0.008071280360582772+0.02856205092124417j)
80,10,(-0.029134868761841945+0.021576338004076073j)
80,11,(0.00777067337670408+0.029967431869645803j)
80,12,(0.045077543593131625-0.035892259821598944j)
80,13,(-0.0056723459272963-0.0019728998781135677j)
80,14,(-0.011481028670418917-0.013393865496269705j)
80,15,(0.0538487727539145-0.05283102550171776j)
80,16,(-0.0350981376626164-0.028099795693808115j)
80,17,(0.021949492091194858+0.0270215167853212j)
80,18,(0.04714255172213657+0.005367595571292148j)
80,19,(0.04607234948559405+0.02318144523270005j)
80,20,(0.04076908511189051+0.019499943565213056j)
80,21,(-0.0045810245941723254+0.07722956924152569j)
80,22,(0.04822036874798249+0.020578883821594837j)
80,23,(-0.015588376307796605+0.03154600314373672j)
80,24,(0.033438700334815524+0.003784075685055195j)
80,25,(-0.02270273570571771+0.05120076341115514j)
80,26,(0.03855029254703582+0.036037019615463003j)
80,27,(-0.01844094307508158+0.022911646749985123j)
80,28,(-0.02730734250895481-0.00284037300134912j)
80,29,(-0.03227096180998908-0.008237024649739553j)
80,30,(-0.013687568341642736-0.031979968491609695j)
80,31,(0.005932567995870524-0.0268387063559306j)
80,32,(-0.017046212594894597-0.07099441003596163j)
80,33,(-0.06328916324554072-0.0687436362290105j)
80,34,(0.07106295166551453+0.012430963832853277j)
80,35,(0.007896516872984712-0.0892880557748749j)
80,36,(0.04079336077194113-0.0018852700439056804j)
80,37,(0.020777288597153037-0.07311430230089097j)
80,38,(0.01646965059590997-0.012260302401498365j)
80,39,(0.05533118169194303-0.06534640370631783j)
80,40,(-0.002189705984005317+0.04302597396992715j)
80,41,(0.008699127556297141+0.0038498294190866503j)
80,42,(-0.029429850958878387+0.02098973200172336j)
80,43,(-0.010822590316039564-0.027063738254156085j)
80,44,(0.06343436259826235+0.0007229474820566102j)
80,45,(0.01948135401232521-0.022216447908819378j)
80,46,(-0.001212521355792444-0.0047566851649537036j)
80,47,(0.06911062441550427-0.001695037672052882j)
80,48,(-0.007376239542565597-0.021885490317554122j)
80,49,(-0.033892206367713146+0.04375304193552649j)
80,50,(-0.044660638305217375-0.027685873415837j)
80,51,(-0.07502870952364214+0.04737538139909508j)
80,52,(0.029769543095139586+0.0008325700177008176j)
80,53,(0.005234259091468812+0.03000506055340087j)
80,54,(-0.06097282611788448+0.0048064107889377716j)
80,55,(0.06288544189045248+0.02384107543102829j)
80,56,(-0.02807445687693794-0.08588695930111173j)
80,57,(0.05723890620784811+0.014491734432309408j)
80,58,(-0.01400114561022157-0.07755434490421903j)
80,59,(-0.0192831058509008+0.023355085763280457j)
80,60,(0.026938010099792353-0.025948032397453212j)
80,61,(0.07446887193674871-0.08096183548313715j)
80,62,(0.05612245152394151+0.02152929661813543j)
80,63,(0.018403407832898882-0.020417219234502612j)
80,64,(0.09495727923145827-0.053161322955623466j)
80,65,(0.003668670689225658+0.025068311053799853j)
80,66,(0.05649330380005309+0.018286778677719467j)
80,67,(0.031762208149551364+0.015365967668529058j)
80,68,(0.03989487218143863+0.09742629046135784j)
80,69,(0.10219708381137885+0.0655396620189693j)
80,70,(-0.03257354464498086+0.0990240991219624j)
80,71,(-0.06096152507529803+0.006866317998276069j)
80,72,(0.030540067492227905+0.12806132737831333j)
80,73,(-0.02927838061714379+0.059035617515621745j)
80,74,(-0.012907367713742577-0.04685290308257499j)
80,75,(-0.04340180446113229-0.044919548818107315j)
80,76,(-0.01584126975904177-0.06810757463462089j)
80,77,(-0.03650375542915217+0.0020099069788945957j)
80,78,(0.0640909561398294-0.009909527573350944j)
80,79,(0.016191335164366265-0.027879665691167618j)
80,80,(0.035315089358636344-0.04159297384430014j)
81,-81,(-0.04775045032044493-0.04460001452024342j)
81,-80,(-0.05176179776183716+0.007043773493002194j)
81,-79,(0.02985195180016345+0.00815929722552675j)
81,-78,(-0.020712266920083038+0.00921951909116031j)
81,-77,(-0.019569947676971677+0.041559554177115515j)
81,-76,(-0.005788265851339997-0.12598415243093988j)
81,-75,(-0.030091073874552135+0.026361387518159078j)
81,-74,(-0.006637973908472584-0.10163956536188944j)
81,-73,(0.011968091189487946+0.026231608317262126j)
81,-72,(-0.021310644494630823+0.016177046168427033j)
81,-71,(-0.07227438999006901-0.04318344401645075j)
81,-70,(-0.03858504617420348+0.06301003872174339j)
81,-69,(-0.04817024051039861-0.014678931246324902j)
81,-68,(0.08842927127398607+0.04815013525648913j)
81,-67,(0.01215740555179683-0.01962998472449275j)
81,-66,(-0.006088732206776813+0.043920617507240314j)
81,-65,(0.030878037171663174-0.07094395931811606j)
81,-64,(-0.07434511037581662+0.07521254623472881j)
81,-63,(0.0347597761325911-0.11875741316443993j)
81,-62,(-0.0045358263145984885+0.01939978300749862j)
81,-61,(0.04497282868982919-0.013927007766182647j)
81,-60,(-0.05892284082770855+0.041341236306279186j)
81,-59,(-0.00859246337548002+0.0012053745275623058j)
81,-58,(-0.05998608453513744-0.06437166972485245j)
81,-57,(-0.01238677033035318-0.016687070420570046j)
81,-56,(0.03765086874666744-0.04571947870664289j)
81,-55,(0.08535205665453408+0.021930845353053615j)
81,-54,(0.030298513782629845+0.0034251220419024165j)
81,-53,(0.12806534329401784+0.032363636558385714j)
81,-52,(0.027344717178538657-0.002466585794959603j)
81,-51,(-0.0061906092984432455+0.04016452027434989j)
81,-50,(-0.008338573099330625+0.01904879061966233j)
81,-49,(-0.02053585614499085+0.012470861678491664j)
81,-48,(0.03443602823260226-0.040374293114463125j)
81,-47,(-0.031922432948395044-0.017513063408073633j)
81,-46,(0.036700128627272684+0.02661922279220742j)
81,-45,(-0.0683239319740808+0.04406809224465252j)
81,-44,(-0.013819342767325424+0.08998712225125143j)
81,-43,(0.005590770023404926+0.01099982194175538j)
81,-42,(-0.0827442650392937+0.04227419885009424j)
81,-41,(0.023627311968916848+0.027361455727721338j)
81,-40,(-0.07942548826634685+0.04356573102034857j)
81,-39,(0.051156191530770855-0.0028519237051618422j)
81,-38,(-0.03782546981370676+0.005222944898464335j)
81,-37,(0.015523516461389757+0.03654779378639987j)
81,-36,(-0.012218033445310902-0.009332823218676376j)
81,-35,(-0.019916650586049602-0.0049516340643272864j)
81,-34,(-0.03393422247814139+0.07465182731249888j)
81,-33,(-0.06457183220946716+0.006707800982056742j)
81,-32,(-0.038401317459377846-0.0467143723759451j)
81,-31,(-0.013445620705431345+0.02905296901599022j)
81,-30,(-0.004739102799344089-0.07233722988043334j)
81,-29,(-0.02469112873646002-0.02276047090118267j)
81,-28,(0.06032760247597898-0.03476639327957363j)
81,-27,(-0.036974176963127735-0.06883775193123894j)
81,-26,(0.06279813521439091+0.048432467211989676j)
81,-25,(-0.06444647988841315-0.027502612102099942j)
81,-24,(0.0267296067351529+0.015327896017715456j)
81,-23,(0.006700684314698139-0.027194376784742114j)
81,-22,(0.00963942641451596+0.04073466853547924j)
81,-21,(0.02376376158768414-0.019250646795041217j)
81,-20,(-0.004019810169624045-0.018208646980109763j)
81,-19,(0.022318194111693963-0.002801651134982687j)
81,-18,(-0.005963726883836075-0.007367959202811719j)
81,-17,(0.031444529809893734+0.006775432603171749j)
81,-16,(0.07713034868958112+0.02074926447788387j)
81,-15,(0.0028966999354296604+0.042458314396437574j)
81,-14,(0.09228504914328071+0.01735539926156759j)
81,-13,(0.008760660808915757+0.04901712107304802j)
81,-12,(0.012718819118696345+0.06693000976213155j)
81,-11,(-0.04456543463190835+0.012170367314959884j)
81,-10,(0.03806410066084272+0.0076904009673376j)
81,-9,(-0.04165584420042545-0.04398261499510928j)
81,-8,(0.035109993303199055+0.04614926585741476j)
81,-7,(-0.013936130101170266-0.014649306620935706j)
81,-6,(-0.0285547006911887-0.002995432927426541j)
81,-5,(0.02375536502970667-0.04458264429016142j)
81,-4,(-0.013435001176126676-0.0445600370532757j)
81,-3,(0.048549345497081946-0.01865424356837317j)
81,-2,(0.005027666322072969-0.025881873860199724j)
81,-1,(0.021904532640332205-0.03293442741951818j)
81,0,(-0.0022645140618459086+0j)
81,1,(-0.021904532640332222-0.03293442741951818j)
81,2,(0.005027666322072964+0.025881873860199744j)
81,3,(-0.048549345497081925-0.01865424356837317j)
81,4,(-0.013435001176126655+0.04456003705327571j)
81,5,(-0.02375536502970665-0.0445826442901614j)
81,6,(-0.0285547006911887+0.0029954329274265463j)
81,7,(0.01393613010117028-0.014649306620935705j)
81,8,(0.03510999330319905-0.04614926585741475j)
81,9,(0.04165584420042545-0.04398261499510926j)
81,10,(0.038064100660842724-0.007690400967337584j)
81,11,(0.04456543463190835+0.012170367314959884j)
81,12,(0.012718819118696337-0.06693000976213156j)
81,13,(-0.008760660808915771+0.04901712107304804j)
81,14,(0.09228504914328074-0.01735539926156759j)
81,15,(-0.00289669993542965+0.042458314396437595j)
81,16,(0.07713034868958114-0.020749264477883864j)
81,17,(-0.031444529809893776+0.006775432603171774j)
81,18,(-0.005963726883836086+0.007367959202811724j)
81,19,(-0.022318194111693994-0.0028016511349827074j)
81,20,(-0.004019810169624027+0.01820864698010977j)
81,21,(-0.02376376158768413-0.019250646795041206j)
81,22,(0.009639426414515918-0.040734668535479246j)
81,23,(-0.006700684314698142-0.02719437678474216j)
81,24,(0.026729606735152917-0.015327896017715436j)
81,25,(0.0644464798884131-0.02750261210209992j)
81,26,(0.06279813521439093-0.04843246721198969j)
81,27,(0.036974176963127756-0.06883775193123891j)
81,28,(0.060327602475979+0.03476639327957362j)
81,29,(0.024691128736460042-0.022760470901182665j)
81,30,(-0.004739102799344074+0.07233722988043331j)
81,31,(0.013445620705431292+0.029052969015990217j)
81,32,(-0.03840131745937783+0.04671437237594508j)
81,33,(0.0645718322094672+0.006707800982056747j)
81,34,(-0.0339342224781414-0.07465182731249888j)
81,35,(0.019916650586049606-0.00495163406432726j)
81,36,(-0.012218033445310908+0.009332823218676366j)
81,37,(-0.015523516461389763+0.03654779378639988j)
81,38,(-0.037825469813706755-0.005222944898464356j)
81,39,(-0.05115619153077083-0.0028519237051618214j)
81,40,(-0.07942548826634689-0.04356573102034858j)
81,41,(-0.023627311968916855+0.02736145572772138j)
81,42,(-0.0827442650392937-0.04227419885009428j)
81,43,(-0.005590770023404941+0.010999821941755375j)
81,44,(-0.013819342767325424-0.08998712225125138j)
81,45,(0.06832393197408072+0.04406809224465248j)
81,46,(0.03670012862727268-0.026619222792207405j)
81,47,(0.03192243294839503-0.017513063408073615j)
81,48,(0.034436028232602243+0.04037429311446312j)
81,49,(0.02053585614499084+0.012470861678491684j)
81,50,(-0.00833857309933063-0.019048790619662324j)
81,51,(0.006190609298443276+0.040164520274349885j)
81,52,(0.027344717178538647+0.0024665857949595976j)
81,53,(-0.12806534329401778+0.03236363655838571j)
81,54,(0.030298513782629835-0.003425122041902404j)
81,55,(-0.08535205665453416+0.021930845353053636j)
81,56,(0.03765086874666746+0.0457194787066429j)
81,57,(0.01238677033035317-0.016687070420570046j)
81,58,(-0.059986084535137436+0.06437166972485243j)
81,59,(0.008592463375480038+0.0012053745275622935j)
81,60,(-0.058922840827708566-0.041341236306279186j)
81,61,(-0.044972828689829214-0.013927007766182662j)
81,62,(-0.004535826314598497-0.01939978300749863j)
81,63,(-0.034759776132591076-0.11875741316443988j)
81,64,(-0.07434511037581666-0.07521254623472888j)
81,65,(-0.030878037171663177-0.07094395931811608j)
81,66,(-0.006088732206776795-0.043920617507240314j)
81,67,(-0.01215740555179683-0.019629984724492754j)
81,68,(0.08842927127398605-0.04815013525648913j)
81,69,(0.04817024051039858-0.014678931246324899j)
81,70,(-0.038585046174203455-0.06301003872174334j)
81,71,(0.07227438999006904-0.04318344401645075j)
81,72,(-0.02131064449463083-0.01617704616842703j)
81,73,(-0.011968091189487953+0.026231608317262133j)
81,74,(-0.0066379739084725786+0.10163956536188944j)
81,75,(0.030091073874552128+0.02636138751815911j)
81,76,(-0.0057882658513400045+0.12598415243093997j)
81,77,(0.019569947676971677+0.041559554177115515j)
81,78,(-0.020712266920083038-0.009219519091160318j)
81,79,(-0.02985195180016345+0.008159297225526755j)
81,80,(-0.05176179776183713-0.00704377349300221j)
81,81,(0.04775045032044493-0.044600014520243404j)
82,-82,(-0.06908271303559603+0.029861890003842196j)
82,-81,(0.06309589493757474+0.03334177352086289j)
82,-80,(-0.01631930676348835+0.005497815256814203j)
82,-79,(-0.03175665753808432+0.08663980429449518j)
82,-78,(-0.025142671942940464-0.034279638282035466j)
82,-77,(0.05586364202372349+0.0006159001625042046j)
82,-76,(0.01660566518189847+0.005353128808387201j)
82,-75,(-0.07715683924573945+0.003468532149878453j)
82,-74,(-0.018541018192954672+0.08994488562617602j)
82,-73,(-0.05611557764166532+0.04929501900855699j)
82,-72,(0.049430698328704246+0.04609263123040752j)
82,-71,(-0.020743585939574552-0.09789978945011084j)
82,-70,(0.04848063657898044+0.0795014190979259j)
82,-69,(0.019598126544914177+0.0015024293448124178j)
82,-68,(-0.010593328168189945+0.040960513745622144j)
82,-67,(0.03173422491509572-0.04305721641140409j)
82,-66,(-0.07379297130038155-0.01613702516449804j)
82,-65,(0.011812161856831451+0.0376992011694202j)
82,-64,(0.012968502701123758-0.02541717232007167j)
82,-63,(0.005352161024794291+0.0584568321665399j)
82,-62,(-0.05368182110115724+0.0069774220217423j)
82,-61,(-0.012839265502840654+0.05749995927498548j)
82,-60,(-0.007713694140611558-0.007905010773543972j)
82,-59,(-0.012242340875110324-0.0064963424293746925j)
82,-58,(-1.1868887815665197e-05-0.07780426282885988j)
82,-57,(0.013903700891832573-0.01592756497427909j)
82,-56,(0.046188285210380396-0.032220634546852804j)
82,-55,(-0.060805939258120084+0.005805733863379566j)
82,-54,(0.02316842347630114-0.05161307169450355j)
82,-53,(-0.04341626597861071-0.040998337427373625j)
82,-52,(0.024219178631486038-0.08455309528505126j)
82,-51,(-0.05937130964336521-0.044045107304974775j)
82,-50,(-0.018130705628339395-0.007184443890016093j)
82,-49,(-0.005474004071185416-0.016178034090226476j)
82,-48,(0.05196929228295667+0.03148124567212822j)
82,-47,(-0.0237995819190226-0.016762418434024068j)
82,-46,(0.025418349381546072+0.04749015668522109j)
82,-45,(-0.014702770149649677+0.007958882403264502j)
82,-44,(0.02736537330718179+0.011012072384087999j)
82,-43,(0.043876930760930875-0.04924321933483443j)
82,-42,(-0.03009480714000447-0.022388243410419083j)
82,-41,(0.05062447898726245+0.013576588240523156j)
82,-40,(0.003500574908457276+0.0003623397751392114j)
82,-39,(0.08500526325809069+0.09649041274134511j)
82,-38,(0.029760352890389457+0.07305506986338205j)
82,-37,(0.04028143271375848+0.07372969036216054j)
82,-36,(0.01007362597527315-0.02448782751478038j)
82,-35,(-0.061374865015892635+0.004752668462109474j)
82,-34,(-0.019326362712488245-0.02260082529529309j)
82,-33,(0.08516044508893322-0.01333259776602266j)
82,-32,(-0.03707456801040662-0.010044421592553716j)
82,-31,(-0.026299700445582115-0.009580927903976768j)
82,-30,(-0.039391519967188204-0.01056927663023468j)
82,-29,(-0.023879583573368352-0.0048921017781574485j)
82,-28,(-0.007908255892646135+0.062018073979699447j)
82,-27,(-0.04587988412195923+0.016891128557945237j)
82,-26,(-0.06641744271675964+0.04826078051181353j)
82,-25,(-0.05079569997861144+0.040248273785252156j)
82,-24,(0.011632683034014496+0.016089960773566475j)
82,-23,(-0.014697426819812733-0.01015494641262068j)
82,-22,(0.007202505582226129-0.025528362989686876j)
82,-21,(0.007858681166158466-0.07048906668571897j)
82,-20,(0.011019848171862266-0.006743017499505623j)
82,-19,(0.04921073069862441-0.02867189419760631j)
82,-18,(-0.03414310827804392+0.051724706502919784j)
82,-17,(0.06927934634844583-0.040789688052971264j)
82,-16,(-0.046616012250417456+0.031728605594041885j)
82,-15,(0.012497450521812684-0.031043886329328033j)
82,-14,(-0.04864159797308803+0.0026295326688742307j)
82,-13,(-0.01013061673200541+0.011285660071057758j)
82,-12,(0.006975849239822875-0.036872438490140186j)
82,-11,(0.007787976859172585+0.0029065134471234068j)
82,-10,(0.029200684398884118-0.01792480941441831j)
82,-9,(0.0006195287956164255+0.01953993371444445j)
82,-8,(0.05262943520142926+0.008923399965462184j)
82,-7,(0.03740017649846945+0.021328812898086483j)
82,-6,(0.04307533977618411+0.009233043592133757j)
82,-5,(0.05028831274303044-0.008355886654811929j)
82,-4,(0.037929483236887995+0.023814712716140458j)
82,-3,(-0.03066706443174475+0.04915143038783753j)
82,-2,(-0.0851381984872462+0.05595986251188371j)
82,-1,(0.02639627848374194+0.031269262171076444j)
82,0,(-0.08733855244751282+0j)
82,1,(-0.026396278483741938+0.03126926217107644j)
82,2,(-0.08513819848724623-0.0559598625118837j)
82,3,(0.03066706443174473+0.04915143038783751j)
82,4,(0.037929483236888016-0.023814712716140458j)
82,5,(-0.05028831274303047-0.008355886654811918j)
82,6,(0.043075339776184086-0.009233043592133767j)
82,7,(-0.03740017649846949+0.021328812898086462j)
82,8,(0.05262943520142926-0.008923399965462188j)
82,9,(-0.0006195287956164048+0.019539933714444457j)
82,10,(0.029200684398884107+0.01792480941441832j)
82,11,(-0.00778797685917258+0.0029065134471233994j)
82,12,(0.006975849239822873+0.03687243849014019j)
82,13,(0.010130616732005434+0.011285660071057768j)
82,14,(-0.04864159797308805-0.0026295326688742407j)
82,15,(-0.012497450521812704-0.031043886329328044j)
82,16,(-0.04661601225041745-0.031728605594041885j)
82,17,(-0.06927934634844582-0.040789688052971264j)
82,18,(-0.03414310827804395-0.051724706502919805j)
82,19,(-0.049210730698624396-0.028671894197606303j)
82,20,(0.01101984817186226+0.006743017499505618j)
82,21,(-0.007858681166158466-0.07048906668571901j)
82,22,(0.0072025055822261186+0.02552836298968686j)
82,23,(0.014697426819812754-0.010154946412620732j)
82,24,(0.011632683034014515-0.016089960773566475j)
82,25,(0.05079569997861146+0.040248273785252135j)
82,26,(-0.06641744271675963-0.048260780511813484j)
82,27,(0.04587988412195924+0.01689112855794528j)
82,28,(-0.007908255892646146-0.06201807397969942j)
82,29,(0.023879583573368352-0.00489210177815745j)
82,30,(-0.039391519967188204+0.010569276630234685j)
82,31,(0.026299700445582105-0.00958092790397676j)
82,32,(-0.03707456801040661+0.010044421592553733j)
82,33,(-0.08516044508893326-0.013332597766022676j)
82,34,(-0.01932636271248825+0.02260082529529309j)
82,35,(0.06137486501589262+0.004752668462109484j)
82,36,(0.01007362597527314+0.02448782751478039j)
82,37,(-0.040281432713758475+0.07372969036216054j)
82,38,(0.029760352890389474-0.07305506986338205j)
82,39,(-0.08500526325809062+0.09649041274134508j)
82,40,(0.003500574908457281-0.0003623397751392373j)
82,41,(-0.05062447898726245+0.013576588240523135j)
82,42,(-0.03009480714000446+0.0223882434104191j)
82,43,(-0.043876930760930896-0.04924321933483445j)
82,44,(0.027365373307181785-0.011012072384088011j)
82,45,(0.014702770149649635+0.007958882403264502j)
82,46,(0.02541834938154605-0.04749015668522108j)
82,47,(0.023799581919022594-0.016762418434024057j)
82,48,(0.05196929228295666-0.031481245672128226j)
82,49,(0.0054740040711853954-0.016178034090226456j)
82,50,(-0.0181307056283394+0.007184443890016091j)
82,51,(0.05937130964336521-0.04404510730497477j)
82,52,(0.024219178631486028+0.08455309528505123j)
82,53,(0.04341626597861071-0.040998337427373605j)
82,54,(0.023168423476301152+0.05161307169450358j)
82,55,(0.06080593925812005+0.005805733863379565j)
82,56,(0.04618828521038045+0.03222063454685282j)
82,57,(-0.013903700891832552-0.01592756497427909j)
82,58,(-1.1868887815670379e-05+0.07780426282885988j)
82,59,(0.012242340875110324-0.006496342429374677j)
82,60,(-0.007713694140611568+0.007905010773543967j)
82,61,(0.01283926550284065+0.0574999592749855j)
82,62,(-0.05368182110115724-0.006977422021742285j)
82,63,(-0.005352161024794298+0.05845683216653988j)
82,64,(0.012968502701123747+0.02541717232007167j)
82,65,(-0.011812161856831456+0.0376992011694202j)
82,66,(-0.0737929713003816+0.016137025164498046j)
82,67,(-0.03173422491509572-0.04305721641140409j)
82,68,(-0.010593328168189947-0.04096051374562212j)
82,69,(-0.019598126544914177+0.0015024293448124178j)
82,70,(0.04848063657898046-0.07950141909792592j)
82,71,(0.02074358593957454-0.09789978945011076j)
82,72,(0.04943069832870427-0.04609263123040753j)
82,73,(0.05611557764166534+0.04929501900855699j)
82,74,(-0.018541018192954693-0.08994488562617604j)
82,75,(0.07715683924573949+0.0034685321498784476j)
82,76,(0.016605665181898453-0.005353128808387189j)
82,77,(-0.055863642023723535+0.0006159001625042033j)
82,78,(-0.025142671942940453+0.03427963828203548j)
82,79,(0.031756657538084314+0.08663980429449515j)
82,80,(-0.016319306763488344-0.005497815256814199j)
82,81,(-0.06309589493757473+0.033341773520862865j)
82,82,(-0.06908271303559602-0.029861890003842175j)
83,-83,(0.01865344274433377+0.03128614653453786j)
83,-82,(0.06118543120366394-0.020656266136139054j)
83,-81,(0.007168618830594973+0.023222374378277726j)
83,-80,(0.05782885804431205+0.015621490877555065j)
83,-79,(-0.0335005203226545-0.09578873772668271j)
83,-78,(0.03928979808742703+0.0765226075196557j)
83,-77,(-0.07583553773666264-0.021664204761834862j)
83,-76,(0.08382828126653202+0.07576375911801318j)
83,-75,(0.031306522897258535+0.02246333781093703j)
83,-74,(0.03694955612598413-0.0036986545702289383j)
83,-73,(0.05423720140567849-0.06645364430356351j)
83,-72,(0.004178560582578593-0.00013792067868468116j)
83,-71,(0.09445059939621059+0.04881180134881684j)
83,-70,(-0.07231942309532993-0.02080202390285551j)
83,-69,(-0.02728040629522982+0.08947479783617718j)
83,-68,(-0.05469447264555691-0.11175921894712655j)
83,-67,(0.07712454121376736+0.031988004206454125j)
83,-66,(0.03327400386312508-0.025902793523630997j)
83,-65,(0.0030594275136329664+0.11301537194115474j)
83,-64,(0.05917818717280258-0.0060838663680896285j)
83,-63,(-0.016320387239341743-0.001256264578588592j)
83,-62,(0.03417044355120424-0.015217613564435201j)
83,-61,(-0.017810996337408402-0.02201618003144953j)
83,-60,(0.04799480400472171-0.0249359558062116j)
83,-59,(-0.012796340203164716-0.043090973081349716j)
83,-58,(-0.015453479656537138-0.00024757785041472385j)
83,-57,(-0.11061969139687643+0.023322564737251243j)
83,-56,(-0.03066022895574857+0.04803738943201111j)
83,-55,(-0.0751259763923731+0.005027393114502895j)
83,-54,(-0.08474517250422171-0.054838604499646136j)
83,-53,(-0.024896408705414236-0.06263239666083831j)
83,-52,(-0.009834520259660296+0.07009442924381089j)
83,-51,(0.020046930772973363+0.0073341729453463515j)
83,-50,(-0.025812700263164803+0.0016186243792860981j)
83,-49,(0.015827080025320264+0.06932139284511313j)
83,-48,(-0.07220250272430022-0.007643628339007697j)
83,-47,(-0.033089258358624876-0.01241591045194514j)
83,-46,(-0.03462219187914339-0.05153499260980847j)
83,-45,(-0.004748013510487475-0.03379136786790747j)
83,-44,(0.05256348982361919-0.03252830715795566j)
83,-43,(0.01831412953453046+0.010605925668060871j)
83,-42,(0.026796430861928365-0.08767854121660154j)
83,-41,(-0.008877862456585353+0.006306196931389084j)
83,-40,(0.02066517626773031+0.020671930697732828j)
83,-39,(-0.03643731111266004-0.007862787539139608j)
83,-38,(0.039798336205097165-0.036996741810396735j)
83,-37,(-0.09695600866747195-0.03428642732632162j)
83,-36,(0.07428623788646667-0.005632940542327332j)
83,-35,(-0.024534451727720362-0.060861724815804916j)
83,-34,(0.07569150885035217+0.02545790641745594j)
83,-33,(0.004024616760281587-0.00289388316835294j)
83,-32,(0.07375005359305388+0.043270523636449995j)
83,-31,(0.040333869652216+0.06854052384060216j)
83,-30,(-0.08985218403791194+0.07593591664658998j)
83,-29,(-0.027178894275420477+0.04280748430412608j)
83,-28,(-0.031656927845665137+0.05158129167055388j)
83,-27,(0.008869558079202653+0.01457497801085058j)
83,-26,(0.004373957633409066+0.024613503582439418j)
83,-25,(0.004058949686905535+0.040706627071670096j)
83,-24,(-0.0416241406544624-0.023921957740056288j)
83,-23,(0.019439488317942802+0.044533965445325015j)
83,-22,(-0.014878210827647512-0.015775768691636632j)
83,-21,(-0.04262540703148015+0.035340675839123814j)
83,-20,(-0.006559577122259277-0.008257038207260089j)
83,-19,(-0.024169908685903452+7.810153693232358e-05j)
83,-18,(-0.06443857488358881-0.03294160532188929j)
83,-17,(-0.012317599882140016-0.04184006538348406j)
83,-16,(-0.03890796425823093-0.04772087901930292j)
83,-15,(-0.004038581765941268-0.042573494764518625j)
83,-14,(0.03098825146841315-0.020087338248938432j)
83,-13,(0.061598838590840144-0.03240460841000732j)
83,-12,(-0.06332441430051475-0.02557306867323486j)
83,-11,(0.03493472628624342-0.04469883781096516j)
83,-10,(0.011550641956838192-0.0011136813227042982j)
83,-9,(-0.0045678660547226494-0.015113074670924598j)
83,-8,(-0.04392215843359877-0.03943782250554395j)
83,-7,(-0.004813134986428894-0.012618823839710767j)
83,-6,(0.010619453568726995-0.009144620720961961j)
83,-5,(-0.04435243045343937+0.014517978705392813j)
83,-4,(0.04887389869850995+0.006773163416556363j)
83,-3,(0.009923767760811731+0.0071950155149060335j)
83,-2,(0.004725193995576856-0.01630409803557279j)
83,-1,(-0.0211580269642827-0.027383279606246955j)
83,0,(0.011918580066500335+0j)
83,1,(0.0211580269642827-0.027383279606246966j)
83,2,(0.00472519399557687+0.01630409803557279j)
83,3,(-0.00992376776081174+0.007195015514906036j)
83,4,(0.048873898698509964-0.006773163416556362j)
83,5,(0.04435243045343937+0.014517978705392802j)
83,6,(0.01061945356872698+0.009144620720961946j)
83,7,(0.004813134986428894-0.012618823839710776j)
83,8,(-0.043922158433598764+0.03943782250554392j)
83,9,(0.004567866054722629-0.015113074670924603j)
83,10,(0.011550641956838177+0.0011136813227042878j)
83,11,(-0.034934726286243396-0.044698837810965134j)
83,12,(-0.06332441430051472+0.025573068673234868j)
83,13,(-0.0615988385908402-0.03240460841000732j)
83,14,(0.03098825146841315+0.020087338248938436j)
83,15,(0.004038581765941258-0.042573494764518625j)
83,16,(-0.03890796425823088+0.04772087901930291j)
83,17,(0.012317599882140021-0.041840065383484074j)
83,18,(-0.06443857488358878+0.032941605321889285j)
83,19,(0.024169908685903452+7.810153693232876e-05j)
83,20,(-0.006559577122259274+0.008257038207260129j)
83,21,(0.042625407031480114+0.03534067583912381j)
83,22,(-0.014878210827647505+0.01577576869163664j)
83,23,(-0.0194394883179428+0.044533965445324994j)
83,24,(-0.04162414065446241+0.023921957740056256j)
83,25,(-0.004058949686905504+0.04070662707167008j)
83,26,(0.004373957633409035-0.024613503582439408j)
83,27,(-0.008869558079202656+0.014574978010850566j)
83,28,(-0.031656927845665116-0.051581291670553885j)
83,29,(0.027178894275420477+0.042807484304126106j)
83,30,(-0.08985218403791193-0.07593591664659002j)
83,31,(-0.040333869652216005+0.06854052384060215j)
83,32,(0.07375005359305388-0.04327052363645002j)
83,33,(-0.0040246167602815556-0.0028938831683529296j)
83,34,(0.07569150885035215-0.025457906417455933j)
83,35,(0.02453445172772035-0.06086172481580488j)
83,36,(0.07428623788646668+0.005632940542327332j)
83,37,(0.09695600866747191-0.034286427326321624j)
83,38,(0.03979833620509717+0.03699674181039674j)
83,39,(0.03643731111266005-0.00786278753913959j)
83,40,(0.02066517626773028-0.020671930697732807j)
83,41,(0.008877862456585353+0.006306196931389064j)
83,42,(0.026796430861928365+0.08767854121660164j)
83,43,(-0.018314129534530463+0.010605925668060876j)
83,44,(0.05256348982361918+0.03252830715795563j)
83,45,(0.00474801351048747-0.03379136786790746j)
83,46,(-0.03462219187914339+0.05153499260980846j)
83,47,(0.03308925835862486-0.012415910451945143j)
83,48,(-0.07220250272430023+0.007643628339007697j)
83,49,(-0.015827080025320277+0.06932139284511311j)
83,50,(-0.025812700263164807-0.0016186243792860847j)
83,51,(-0.02004693077297337+0.007334172945346407j)
83,52,(-0.009834520259660307-0.07009442924381089j)
83,53,(0.024896408705414225-0.06263239666083831j)
83,54,(-0.08474517250422173+0.05483860449964616j)
83,55,(0.07512597639237314+0.005027393114502903j)
83,56,(-0.03066022895574856-0.048037389432011086j)
83,57,(0.1106196913968765+0.023322564737251278j)
83,58,(-0.01545347965653712+0.00024757785041472385j)
83,59,(0.01279634020316473-0.043090973081349696j)
83,60,(0.0479948040047217+0.0249359558062116j)
83,61,(0.017810996337408385-0.022016180031449534j)
83,62,(0.03417044355120423+0.01521761356443522j)
83,63,(0.01632038723934175-0.0012562645785885792j)
83,64,(0.05917818717280256+0.006083866368089626j)
83,65,(-0.003059427513632977+0.1130153719411548j)
83,66,(0.0332740038631251+0.025902793523630997j)
83,67,(-0.07712454121376733+0.031988004206454125j)
83,68,(-0.05469447264555687+0.11175921894712651j)
83,69,(0.02728040629522979+0.08947479783617714j)
83,70,(-0.0723194230953299+0.020802023902855512j)
83,71,(-0.09445059939621059+0.04881180134881682j)
83,72,(0.0041785605825786+0.00013792067868468116j)
83,73,(-0.05423720140567852-0.06645364430356356j)
83,74,(0.036949556125984155+0.003698654570228944j)
83,75,(-0.03130652289725854+0.022463337810937033j)
83,76,(0.08382828126653205-0.07576375911801318j)
83,77,(0.07583553773666268-0.02166420476183486j)
83,78,(0.039289798087427025-0.07652260751965567j)
83,79,(0.033500520322654506-0.09578873772668271j)
83,80,(0.05782885804431203-0.015621490877555079j)
83,81,(-0.0071686188305949625+0.02322237437827772j)
83,82,(0.06118543120366397+0.020656266136139075j)
83,83,(-0.018653442744333774+0.03128614653453786j)
84,-84,(0.017768967943595917-0.02603248867079523j)
84,-83,(0.003969988253078303+0.014245823803463141j)
84,-82,(0.007742665859042787+0.015284193194482683j)
84,-81,(-0.005484781971923056-0.007458627340804028j)
84,-80,(-0.03654028332221963-0.0041177889480026415j)
84,-79,(0.014896767586161987+0.021150900715507j)
84,-78,(-0.010049828053123192-0.023392634137231135j)
84,-77,(0.1382885679466841+0.02415352283098416j)
84,-76,(-0.054899817633925534-0.01931709096659688j)
84,-75,(0.07129513692324814-0.0338564715104741j)
84,-74,(-0.058845265297715686-0.02484316156136672j)
84,-73,(-0.022445467852177582+0.037369384657107076j)
84,-72,(-0.05609045027286802-0.0017173567637839956j)
84,-71,(-0.06949958895453612+0.0045466688786169095j)
84,-70,(-0.02919985731303078-0.012498575671403802j)
84,-69,(-0.021495632421494403+0.038609666398227487j)
84,-68,(0.06859142026609717-0.0014011060900136932j)
84,-67,(-0.049573552342162666-0.0015853936538578108j)
84,-66,(0.025283479037006923+0.004592577166294716j)
84,-65,(0.00736961684416444+0.003941457552187062j)
84,-64,(-0.004364018925545557+0.01962629540981277j)
84,-63,(-0.03567023124165847-0.048189543807488334j)
84,-62,(0.012805627251104358+0.028477894293698774j)
84,-61,(-0.023283679779558687-0.038557419251689214j)
84,-60,(-0.004709018482149622+0.09890696668230069j)
84,-59,(-0.03780975327721696+0.030175859689406816j)
84,-58,(-0.019762267665498497+0.03241309565224475j)
84,-57,(-0.0003507410138224841-0.07150827605091872j)
84,-56,(-0.026221412810118+0.04246047600395004j)
84,-55,(0.061848568783944256+0.013690369103339586j)
84,-54,(-0.019239122741833-0.020737860948192834j)
84,-53,(0.03962999270717387+0.027266123318359984j)
84,-52,(0.0028557593500388536-0.002331006385398601j)
84,-51,(0.02440829771801014+0.05091450980431907j)
84,-50,(-0.06320128790700356+0.03220230589649933j)
84,-49,(-0.009988054331510069+0.038590752747989836j)
84,-48,(-0.008839529405516291-0.017794126590747212j)
84,-47,(-0.006003704533874537-0.018818717199524895j)
84,-46,(0.01676743200400153+0.03678896290176242j)
84,-45,(-0.034737488107960665+0.012856591920948266j)
84,-44,(0.03365575922288505+0.03604043010273468j)
84,-43,(-0.050138610127014926+0.02562059540456278j)
84,-42,(-0.0390483835009609+0.05211509514325158j)
84,-41,(-0.07110747732028781-0.007161519136090695j)
84,-40,(-0.057966628082928504+0.031575985549853955j)
84,-39,(0.04998623147195877-0.08695838421368941j)
84,-38,(0.012719863510072484+0.015327431628556275j)
84,-37,(0.02081358434064585-0.03581870495227877j)
84,-36,(0.033437749573039056+0.009929912224639093j)
84,-35,(0.02561558683211189-0.02154412658234172j)
84,-34,(-0.031058117617479144+0.0013198327903450934j)
84,-33,(0.0642913927583718+0.0348878126802407j)
84,-32,(-0.0704481725491914+0.026934077643625112j)
84,-31,(0.03311394269033825-0.009969753138663084j)
84,-30,(0.005662817099447312-0.045368624217700146j)
84,-29,(0.036288224566799324-0.08256441532957867j)
84,-28,(0.06366381895603414-0.0365227752328684j)
84,-27,(0.004857100558105148-0.005343627570918451j)
84,-26,(0.04805153659008341-0.00015185823604224865j)
84,-25,(0.023481450762781207+0.03883720424467949j)
84,-24,(6.3237189360218045e-06+0.006271369851760358j)
84,-23,(-0.007072575543050659-0.01136398291823126j)
84,-22,(-0.0001369521539659437+0.05011543758716751j)
84,-21,(0.017995561882230483+0.05819387938304736j)
84,-20,(0.0005929446617670088-0.032836473815422006j)
84,-19,(-0.02024640554700642+0.030542345265051687j)
84,-18,(0.002721513142089753-0.025449623649245932j)
84,-17,(0.030011540713956158+0.017201392552865402j)
84,-16,(-0.009404185366434847-0.019675759447251213j)
84,-15,(0.031754277003796315-0.008015472024972051j)
84,-14,(0.022780926857815378+0.004313743168594661j)
84,-13,(-0.02550022809854374+0.007464968518483892j)
84,-12,(0.033182762368307896+0.0006389381133183722j)
84,-11,(-0.027868800329446046+0.025209997011697783j)
84,-10,(0.025950684699623503-0.008013048056364516j)
84,-9,(-0.05576983075377721+0.013204243602735493j)
84,-8,(-0.053353985048689316-0.0029112127184065385j)
84,-7,(0.007499989160696213-6.92106670964053e-05j)
84,-6,(-0.02276682170286384-0.024589491288760167j)
84,-5,(0.03358340138178015-0.010897004175812767j)
84,-4,(-0.01857813629055702-0.029146963991002046j)
84,-3,(0.01636050586789638-0.000945395097216604j)
84,-2,(0.026753270139878507-0.024885642338479574j)
84,-1,(0.010949265094356165+0.032829200486452104j)
84,0,(0.02937510344602871+0j)
84,1,(-0.010949265094356156+0.032829200486452124j)
84,2,(0.026753270139878497+0.024885642338479595j)
84,3,(-0.016360505867896374-0.0009453950972166156j)
84,4,(-0.018578136290557025+0.02914696399100205j)
84,5,(-0.03358340138178015-0.010897004175812757j)
84,6,(-0.022766821702863812+0.024589491288760142j)
84,7,(-0.0074999891606962205-6.921066709640661e-05j)
84,8,(-0.05335398504868935+0.0029112127184065463j)
84,9,(0.05576983075377721+0.01320424360273549j)
84,10,(0.025950684699623482+0.008013048056364493j)
84,11,(0.027868800329446053+0.025209997011697776j)
84,12,(0.033182762368307875-0.0006389381133183748j)
84,13,(0.025500228098543742+0.007464968518483892j)
84,14,(0.022780926857815395-0.0043137431685946834j)
84,15,(-0.031754277003796315-0.008015472024972077j)
84,16,(-0.009404185366434852+0.01967575944725122j)
84,17,(-0.030011540713956147+0.01720139255286538j)
84,18,(0.002721513142089774+0.025449623649245915j)
84,19,(0.020246405547006387+0.03054234526505172j)
84,20,(0.0005929446617670217+0.03283647381542202j)
84,21,(-0.017995561882230487+0.058193879383047355j)
84,22,(-0.00013695215396593465-0.050115437587167515j)
84,23,(0.007072575543050667-0.011363982918231274j)
84,24,(6.323718936016622e-06-0.0062713698517603556j)
84,25,(-0.02348145076278125+0.03883720424467949j)
84,26,(0.04805153659008338+0.00015185823604222274j)
84,27,(-0.004857100558105137-0.005343627570918438j)
84,28,(0.06366381895603412+0.03652277523286838j)
84,29,(-0.03628822456679935-0.08256441532957871j)
84,30,(0.005662817099447302+0.04536862421770016j)
84,31,(-0.03311394269033826-0.00996975313866309j)
84,32,(-0.07044817254919139-0.026934077643625147j)
84,33,(-0.06429139275837181+0.0348878126802407j)
84,34,(-0.031058117617479154-0.0013198327903450884j)
84,35,(-0.025615586832111896-0.021544126582341724j)
84,36,(0.03343774957303905-0.00992991222463908j)
84,37,(-0.020813584340645862-0.03581870495227874j)
84,38,(0.012719863510072496-0.015327431628556272j)
84,39,(-0.04998623147195877-0.08695838421368941j)
84,40,(-0.05796662808292844-0.03157598554985392j)
84,41,(0.0711074773202878-0.007161519136090685j)
84,42,(-0.03904838350096087-0.05211509514325154j)
84,43,(0.050138610127014885+0.02562059540456279j)
84,44,(0.03365575922288507-0.03604043010273471j)
84,45,(0.034737488107960665+0.012856591920948275j)
84,46,(0.01676743200400153-0.03678896290176241j)
84,47,(0.006003704533874537-0.018818717199524906j)
84,48,(-0.008839529405516295+0.01779412659074723j)
84,49,(0.009988054331510066+0.038590752747989815j)
84,50,(-0.06320128790700356-0.0322023058964993j)
84,51,(-0.02440829771801014+0.05091450980431906j)
84,52,(0.002855759350038864+0.0023310063853986224j)
84,53,(-0.039629992707173885+0.027266123318359994j)
84,54,(-0.019239122741833002+0.020737860948192823j)
84,55,(-0.06184856878394428+0.01369036910333958j)
84,56,(-0.02622141281011801-0.042460476003950066j)
84,57,(0.00035074101382247887-0.07150827605091871j)
84,58,(-0.019762267665498486-0.03241309565224476j)
84,59,(0.037809753277216994+0.030175859689406826j)
84,60,(-0.004709018482149632-0.09890696668230069j)
84,61,(0.023283679779558693-0.03855741925168922j)
84,62,(0.012805627251104353-0.028477894293698795j)
84,63,(0.03567023124165847-0.04818954380748833j)
84,64,(-0.0043640189255455515-0.019626295409812772j)
84,65,(-0.007369616844164432+0.0039414575521870936j)
84,66,(0.02528347903700692-0.004592577166294711j)
84,67,(0.04957355234216268-0.0015853936538577848j)
84,68,(0.06859142026609719+0.001401106090013684j)
84,69,(0.021495632421494378+0.038609666398227466j)
84,70,(-0.029199857313030778+0.012498575671403812j)
84,71,(0.06949958895453613+0.004546668878616907j)
84,72,(-0.05609045027286802+0.0017173567637839982j)
84,73,(0.022445467852177565+0.03736938465710706j)
84,74,(-0.05884526529771571+0.024843161561366706j)
84,75,(-0.07129513692324817-0.03385647151047413j)
84,76,(-0.05489981763392553+0.019317090966596895j)
84,77,(-0.13828856794668407+0.02415352283098415j)
84,78,(-0.010049828053123197+0.02339263413723113j)
84,79,(-0.01489676758616201+0.021150900715507008j)
84,80,(-0.03654028332221961+0.004117788948002645j)
84,81,(0.005484781971923046-0.007458627340804002j)
84,82,(0.007742665859042789-0.015284193194482685j)
84,83,(-0.003969988253078298+0.014245823803463138j)
84,84,(0.017768967943595896+0.02603248867079522j)
85,-85,(-0.0876192042787971-0.018534578732201202j)
85,-84,(0.025788998958492244-0.017792932727006057j)
85,-83,(-0.03426531226923784-0.031639422991665674j)
85,-82,(-0.06780581289737923-0.03203589585117927j)
85,-81,(0.043706868813069136+0.039875902167195526j)
85,-80,(-0.09492768120474446+0.0270371130954541j)
85,-79,(0.10827698720205158-0.012913585229023005j)
85,-78,(-0.010289051162186362-0.012092080213857697j)
85,-77,(-0.11077450506719101-0.049065867952031564j)
85,-76,(0.03125199872239854-0.03312491512589202j)
85,-75,(-0.04724485284750567+0.03293948084455992j)
85,-74,(0.0456059079707763-0.01387526906672466j)
85,-73,(-0.053582446132664774+0.014123145648492718j)
85,-72,(0.03418613304900262+0.01387709219850544j)
85,-71,(-0.06939500836652093+0.01203581297355968j)
85,-70,(0.05921135117765632+0.013444019196621613j)
85,-69,(-0.060922951949219845+0.016165525612741195j)
85,-68,(0.024559037543213466+0.06262222635836666j)
85,-67,(-0.056069961523461574-0.05734383697232978j)
85,-66,(-0.031032777941894636+0.026172416135270344j)
85,-65,(0.03708180160196622-0.05565399945191555j)
85,-64,(0.027224705902194606+0.047064569580348235j)
85,-63,(0.054917092903020624+0.031602060036279016j)
85,-62,(-0.01901162864582802+0.06343952775740425j)
85,-61,(0.03166785017460496+0.01546241857659392j)
85,-60,(-0.012995330238517953+0.02174854142954451j)
85,-59,(0.017579658326157373+0.009559562172277745j)
85,-58,(0.0011228078149755978-0.0625652170796748j)
85,-57,(0.047405740831998944-0.016173753094505635j)
85,-56,(0.02802483631445162-0.05236465084439021j)
85,-55,(0.03872905048365578-0.010362748501429937j)
85,-54,(0.013029641471890615-0.03798982582684783j)
85,-53,(-0.01900619572389035+0.026070540623392188j)
85,-52,(0.0421297329195155-0.04382589243082515j)
85,-51,(-0.04025393458989048-0.03510139576071247j)
85,-50,(0.027802645217837568-0.02218555992411322j)
85,-49,(0.03475393571086486-0.004093921144693835j)
85,-48,(0.05438153549997567+0.026832859066858776j)
85,-47,(-0.03850129330366974+0.02679147781608707j)
85,-46,(0.04807910011702539+0.06490593672718711j)
85,-45,(0.02773142382281873-0.017519345444555284j)
85,-44,(-0.018454013178654315+0.04279787437454644j)
85,-43,(-0.029040090280421975+0.007952223908700895j)
85,-42,(-0.040066910529067634-0.05414295462953307j)
85,-41,(0.05138476975008303-0.039317895841668254j)
85,-40,(-0.05461626571267287+0.01288310873619621j)
85,-39,(0.0831045945658169+0.02371578724199592j)
85,-38,(0.010428459067674707+0.09822042942801724j)
85,-37,(-0.011771368298317902+0.07973064091142272j)
85,-36,(-0.03171455271278171+0.013689220374177018j)
85,-35,(-0.01889622327860932+0.0032412289501277283j)
85,-34,(-0.02798117348878662-0.022816084473499608j)
85,-33,(-0.043183350384286154-0.014046343710767023j)
85,-32,(-0.04667732736872216-0.08589632210869007j)
85,-31,(0.023091267851903408+0.03886251023991384j)
85,-30,(-0.01166498028931848-0.03519076233087121j)
85,-29,(0.002005252172514027+0.01919023253979982j)
85,-28,(-0.024206055490759694+0.004788645340966443j)
85,-27,(-0.01944323071062077+0.022842173609104902j)
85,-26,(0.01145305403696602+0.014111143951481421j)
85,-25,(-0.04144274355428858-0.017009124750854213j)
85,-24,(-0.01772285615490177-0.004271515909369065j)
85,-23,(-0.025486018148801307-0.02525149719155265j)
85,-22,(0.026711557787497398-0.031774845842806695j)
85,-21,(0.007129039450217866-0.008236562164065327j)
85,-20,(0.006963532943777268+0.017583287053036432j)
85,-19,(0.04925725949824665-0.05000354364707232j)
85,-18,(-0.009706312231851725+0.04820193478827583j)
85,-17,(0.03683554129726364-0.02824946548474878j)
85,-16,(-0.00872986869674151+0.01719279931084963j)
85,-15,(0.0217595861057655+0.03831914017355016j)
85,-14,(0.02956348501065229+0.04056200077162585j)
85,-13,(-0.010136860045233894+0.016858882878507255j)
85,-12,(0.009336433791788775+0.02704758362054535j)
85,-11,(-0.05169596906111029-0.021765267702669417j)
85,-10,(0.03410253570167728-0.004744689537768242j)
85,-9,(0.016379021098348212-0.07473454516848392j)
85,-8,(0.02711063515387695+0.028764503456685714j)
85,-7,(0.005091741764731267-0.035354763824596444j)
85,-6,(0.011216469009208275+0.05999606511916594j)
85,-5,(0.010264497297385723-0.03904099508405592j)
85,-4,(0.01748012646122801+0.03047191864604606j)
85,-3,(0.042202289578880864+0.008323515612939645j)
85,-2,(-0.0013025635488308424+0.03822573949718159j)
85,-1,(-0.001839569106885401-0.009704250919944363j)
85,0,(-0.0032734182073462783+0j)
85,1,(0.0018395691068854112-0.009704250919944386j)
85,2,(-0.0013025635488308456-0.03822573949718159j)
85,3,(-0.04220228957888086+0.00832351561293965j)
85,4,(0.017480126461228023-0.03047191864604606j)
85,5,(-0.01026449729738572-0.03904099508405593j)
85,6,(0.011216469009208259-0.05999606511916594j)
85,7,(-0.005091741764731241-0.035354763824596444j)
85,8,(0.027110635153876943-0.028764503456685714j)
85,9,(-0.016379021098348222-0.07473454516848393j)
85,10,(0.03410253570167728+0.004744689537768237j)
85,11,(0.051695969061110285-0.021765267702669424j)
85,12,(0.009336433791788754-0.02704758362054535j)
85,13,(0.010136860045233863+0.016858882878507248j)
85,14,(0.029563485010652257-0.0405620007716258j)
85,15,(-0.021759586105765526+0.03831914017355018j)
85,16,(-0.008729868696741501-0.017192799310849608j)
85,17,(-0.036835541297263616-0.02824946548474877j)
85,18,(-0.00970631223185174-0.04820193478827583j)
85,19,(-0.04925725949824663-0.050003543647072275j)
85,20,(0.0069635329437772306-0.01758328705303644j)
85,21,(-0.007129039450217845-0.008236562164065363j)
85,22,(0.02671155778749742+0.031774845842806716j)
85,23,(0.025486018148801307-0.02525149719155267j)
85,24,(-0.017722856154901802+0.0042715159093690575j)
85,25,(0.04144274355428858-0.01700912475085419j)
85,26,(0.01145305403696603-0.01411114395148141j)
85,27,(0.019443230710620773+0.022842173609104923j)
85,28,(-0.024206055490759725-0.004788645340966451j)
85,29,(-0.0020052521725140316+0.01919023253979982j)
85,30,(-0.011664980289318498+0.035190762330871254j)
85,31,(-0.023091267851903394+0.03886251023991382j)
85,32,(-0.04667732736872217+0.08589632210869007j)
85,33,(0.043183350384286154-0.014046343710767035j)
85,34,(-0.02798117348878665+0.0228160844734996j)
85,35,(0.01889622327860931+0.003241228950127723j)
85,36,(-0.0317145527127817-0.013689220374177006j)
85,37,(0.011771368298317878+0.0797306409114227j)
85,38,(0.010428459067674686-0.0982204294280172j)
85,39,(-0.08310459456581688+0.023715787241995908j)
85,40,(-0.05461626571267285-0.012883108736196199j)
85,41,(-0.05138476975008303-0.03931789584166824j)
85,42,(-0.04006691052906757+0.05414295462953308j)
85,43,(0.02904009028042195+0.007952223908700902j)
85,44,(-0.018454013178654322-0.04279787437454646j)
85,45,(-0.027731423822818763-0.017519345444555287j)
85,46,(0.048079100117025424-0.06490593672718713j)
85,47,(0.038501293303669734+0.026791477816087088j)
85,48,(0.05438153549997571-0.026832859066858776j)
85,49,(-0.034753935710864846-0.004093921144693841j)
85,50,(0.02780264521783756+0.022185559924113196j)
85,51,(0.040253934589890475-0.03510139576071249j)
85,52,(0.0421297329195155+0.04382589243082514j)
85,53,(0.019006195723890357+0.026070540623392188j)
85,54,(0.013029641471890615+0.03798982582684783j)
85,55,(-0.0387290504836558-0.010362748501429953j)
85,56,(0.028024836314451598+0.05236465084439018j)
85,57,(-0.04740574083199894-0.016173753094505656j)
85,58,(0.0011228078149755978+0.06256521707967487j)
85,59,(-0.01757965832615737+0.009559562172277745j)
85,60,(-0.012995330238517943-0.021748541429544507j)
85,61,(-0.031667850174604995+0.015462418576593936j)
85,62,(-0.019011628645828012-0.06343952775740423j)
85,63,(-0.054917092903020666+0.03160206003627904j)
85,64,(0.027224705902194602-0.047064569580348235j)
85,65,(-0.037081801601966224-0.055653999451915556j)
85,66,(-0.031032777941894636-0.02617241613527033j)
85,67,(0.056069961523461595-0.0573438369723298j)
85,68,(0.02455903754321346-0.06262222635836667j)
85,69,(0.06092295194921983+0.016165525612741198j)
85,70,(0.05921135117765633-0.013444019196621599j)
85,71,(0.0693950083665209+0.01203581297355968j)
85,72,(0.03418613304900266-0.013877092198505449j)
85,73,(0.05358244613266475+0.014123145648492708j)
85,74,(0.04560590797077629+0.013875269066724654j)
85,75,(0.04724485284750569+0.03293948084455994j)
85,76,(0.031251998722398526+0.033124915125892024j)
85,77,(0.11077450506719104-0.049065867952031564j)
85,78,(-0.010289051162186362+0.012092080213857687j)
85,79,(-0.10827698720205158-0.012913585229023014j)
85,80,(-0.09492768120474454-0.027037113095454122j)
85,81,(-0.04370686881306916+0.03987590216719553j)
85,82,(-0.06780581289737926+0.032035895851179275j)
85,83,(0.034265312269237826-0.03163942299166566j)
85,84,(0.02578899895849224+0.01779293272700606j)
85,85,(0.08761920427879707-0.018534578732201195j)
